47.38933300000000 5.38642800000000 0.77366300000000 0.79329500000000 0.53125800000000 2.89450900000000 -1.77567900000000 0.00000000000000
70.37619400000000 7.81957700000000 -0.12842900000000 -0.12842900000000 0.89900000000000 0.44879900000000 3.59039200000000 0.00000000000000
38.42802600000000 7.42543100000000 0.12842900000000 0.12842900000000 0.89900000000000 1.34639700000000 2.69279400000000 0.00000000000000
54.77106100000000 8.16045300000000 0.12842900000000 0.12842900000000 0.89900000000000 0.44879900000000 1.79519600000000 0.00000000000000
44.57721900000000 6.64165100000000 0.89900000000000 0.89900000000000 0.38528600000000 0.89759800000000 5.38558700000000 0.00000000000000
49.84833100000000 7.42700500000000 0.12842900000000 0.12842900000000 0.89900000000000 0.44879900000000 2.69279400000000 0.00000000000000
46.02008300000000 5.11334300000000 0.89900000000000 0.89900000000000 0.38528600000000 2.69279400000000 0.89759800000000 0.00000000000000
64.87578300000000 7.20842000000000 0.12842900000000 0.12842900000000 0.89900000000000 0.89759800000000 5.38558700000000 0.00000000000000
49.84833100000000 7.42700500000000 0.89900000000000 0.89900000000000 0.38528600000000 1.79519600000000 4.48799000000000 0.00000000000000
80.60037100000000 8.95559700000000 0.12842900000000 0.12842900000000 0.89900000000000 3.14159300000000 3.59039200000000 0.00000000000000
64.87578300000000 7.20842000000000 0.12842900000000 0.12842900000000 0.77057100000000 2.69279400000000 0.89759800000000 0.00000000000000
47.05912800000000 5.23649400000000 0.86439300000000 0.84121900000000 0.39273800000000 2.53633500000000 -2.25532200000000 1.00000000000000
37.47362000000000 9.22995400000000 -0.38528600000000 -0.38528600000000 0.25685700000000 0.44879900000000 1.79519600000000 0.00000000000000
54.77106100000000 8.16045300000000 0.89900000000000 0.89900000000000 0.38528600000000 0.89759800000000 1.79519600000000 0.00000000000000
37.47362000000000 9.22995400000000 0.12842900000000 0.12842900000000 0.89900000000000 0.44879900000000 4.48799000000000 0.00000000000000
52.80127700000000 5.86680900000000 0.64214300000000 0.64214300000000 0.64214300000000 2.69279400000000 0.00000000000000 0.00000000000000
32.81993200000000 10.25867700000000 -0.38528600000000 -0.38528600000000 0.25685700000000 2.24399500000000 3.59039200000000 0.00000000000000
75.60364100000000 8.40040500000000 0.12842900000000 0.12842900000000 0.89900000000000 0.44879900000000 4.48799000000000 0.00000000000000
52.58444400000000 5.84477700000000 0.75874600000000 0.68714600000000 0.57131600000000 0.01296200000000 0.04593500000000 1.00000000000000
37.47362000000000 9.22995400000000 0.89900000000000 0.89900000000000 0.25685700000000 2.24399500000000 2.69279400000000 0.00000000000000
52.80127700000000 5.86680900000000 0.89900000000000 0.89900000000000 0.38528600000000 2.69279400000000 4.48799000000000 0.00000000000000
59.04485800000000 6.56054000000000 0.89900000000000 0.89900000000000 0.25685700000000 0.89759800000000 6.28318500000000 0.00000000000000
52.80127700000000 5.86680900000000 0.12842900000000 0.12842900000000 0.64214300000000 0.89759800000000 0.89759800000000 0.00000000000000
48.09029100000000 5.53541800000000 0.79517000000000 0.70558400000000 0.53291600000000 -0.26320000000000 -0.15912100000000 0.00000000000000
64.87578300000000 7.20842000000000 -0.12842900000000 -0.12842900000000 0.89900000000000 2.69279400000000 0.89759800000000 0.00000000000000
51.21880300000000 9.89698700000000 -0.12842900000000 -0.12842900000000 0.51371400000000 0.89759800000000 5.38558700000000 0.00000000000000
56.63283900000000 6.45649000000000 0.68523300000000 0.88523800000000 0.66504900000000 1.38214300000000 1.69573400000000 0.00000000000000
85.39852600000000 9.48872500000000 0.12842900000000 0.12842900000000 0.77057100000000 2.24399500000000 4.48799000000000 0.00000000000000
50.98255800000000 5.69992900000000 0.83087200000000 0.76521600000000 0.47445900000000 1.24915000000000 -1.08435500000000 0.00000000000000
85.39852600000000 9.48872500000000 0.12842900000000 0.12842900000000 0.89900000000000 0.44879900000000 5.38558700000000 0.00000000000000
46.78712300000000 5.23796400000000 0.84074000000000 0.30842100000000 0.46027700000000 3.09623300000000 1.30962000000000 0.00000000000000
33.51104700000000 8.25395100000000 -0.38528600000000 -0.38528600000000 0.64214300000000 1.34639700000000 5.38558700000000 0.00000000000000
85.39852600000000 9.48872500000000 -0.12842900000000 -0.12842900000000 0.89900000000000 2.69279400000000 0.00000000000000 0.00000000000000
52.80127700000000 5.86680900000000 0.89900000000000 0.89900000000000 0.25685700000000 1.34639700000000 4.48799000000000 0.00000000000000
49.84833100000000 7.42700500000000 0.89900000000000 0.89900000000000 0.25685700000000 2.24399500000000 3.59039200000000 0.00000000000000
64.87578300000000 7.20842000000000 0.38528600000000 0.38528600000000 0.89900000000000 1.79519600000000 0.00000000000000 0.00000000000000
28.63678700000000 11.48149000000000 0.38528600000000 0.38528600000000 0.89900000000000 1.34639700000000 3.59039200000000 0.00000000000000
75.60364100000000 8.40040500000000 0.12842900000000 0.12842900000000 0.77057100000000 2.24399500000000 0.89759800000000 0.00000000000000
17.77014900000000 17.77014900000000 0.89900000000000 0.89900000000000 0.38528600000000 2.24399500000000 0.00000000000000 0.00000000000000
59.04485800000000 6.56054000000000 0.89900000000000 0.89900000000000 0.38528600000000 0.89759800000000 4.48799000000000 0.00000000000000
29.34945400000000 9.17389300000000 -0.38528600000000 -0.38528600000000 0.77057100000000 1.34639700000000 3.59039200000000 0.00000000000000
72.09728600000000 10.74192200000000 -0.38528600000000 -0.38528600000000 0.89900000000000 0.44879900000000 1.79519600000000 0.00000000000000
52.39103100000000 5.82314000000000 0.68854300000000 0.78834500000000 0.65674600000000 1.75168900000000 0.82399600000000 0.00000000000000
72.09728600000000 10.74192200000000 -0.38528600000000 -0.38528600000000 0.12842900000000 1.79519600000000 1.79519600000000 0.00000000000000
38.42802600000000 7.42543100000000 0.38528600000000 0.38528600000000 0.89900000000000 1.34639700000000 4.48799000000000 0.00000000000000
46.02008300000000 5.11334300000000 0.89900000000000 0.89900000000000 0.25685700000000 0.89759800000000 2.69279400000000 0.00000000000000
64.87578300000000 7.20842000000000 0.12842900000000 0.12842900000000 0.89900000000000 2.69279400000000 4.48799000000000 0.00000000000000
72.09728600000000 10.74192200000000 -0.38528600000000 -0.38528600000000 0.89900000000000 2.69279400000000 1.79519600000000 0.00000000000000
51.21880300000000 9.89698700000000 0.89900000000000 0.89900000000000 0.38528600000000 2.24399500000000 3.59039200000000 0.00000000000000
52.80127700000000 5.86680900000000 0.89900000000000 0.89900000000000 0.12842900000000 2.24399500000000 3.59039200000000 0.00000000000000
58.61392900000000 6.56117900000000 0.74498300000000 0.85464200000000 0.58394300000000 -1.47037100000000 -2.12245400000000 1.00000000000000
70.37619400000000 7.81957700000000 0.12842900000000 0.12842900000000 0.89900000000000 2.69279400000000 3.59039200000000 0.00000000000000
44.57721900000000 6.64165100000000 0.38528600000000 0.38528600000000 0.89900000000000 0.89759800000000 2.69279400000000 0.00000000000000
77.25012700000001 10.40298600000000 -0.33098700000000 -0.80262800000000 0.86062400000000 2.76998200000000 -0.07903300000000 1.00000000000000
33.51104700000000 8.25395100000000 0.89900000000000 0.89900000000000 0.38528600000000 0.89759800000000 4.48799000000000 0.00000000000000
68.04646700000001 10.13838300000000 -0.38528600000000 -0.38528600000000 0.89900000000000 3.14159300000000 5.38558700000000 0.00000000000000
85.39852600000000 9.48872500000000 0.12842900000000 0.12842900000000 0.77057100000000 0.89759800000000 3.59039200000000 0.00000000000000
47.18661700000000 5.26649500000000 0.84720600000000 0.46464700000000 0.42786100000000 -2.30121300000000 1.60562800000000 0.00000000000000
75.60364100000000 8.40040500000000 0.38528600000000 0.38528600000000 0.89900000000000 0.89759800000000 4.48799000000000 0.00000000000000
48.15908900000000 5.54990200000000 0.73445800000000 0.85608700000000 0.61232400000000 1.48898100000000 -0.95360300000000 0.00000000000000
64.87578300000000 7.20842000000000 0.89900000000000 0.89900000000000 0.12842900000000 2.24399500000000 0.00000000000000 0.00000000000000
58.61392900000000 6.56117900000000 0.74498300000000 0.85464200000000 0.58394300000000 -1.47037100000000 -2.12245400000000 0.00000000000000
80.83028899999999 9.91317900000000 -0.27168500000000 -0.84263600000000 0.86452900000000 -2.55794100000000 -1.37474600000000 1.00000000000000
72.09728600000000 10.74192200000000 -0.12842900000000 -0.12842900000000 0.89900000000000 0.89759800000000 0.00000000000000 0.00000000000000
22.31976500000000 8.94877500000000 -0.12842900000000 -0.12842900000000 0.12842900000000 2.24399500000000 0.00000000000000 0.00000000000000
41.17429600000000 10.14145000000000 -0.38528600000000 -0.38528600000000 0.38528600000000 0.89759800000000 1.79519600000000 0.00000000000000
29.34945400000000 9.17389300000000 0.89900000000000 0.89900000000000 0.38528600000000 2.24399500000000 0.89759800000000 0.00000000000000
38.42802600000000 7.42543100000000 0.89900000000000 0.89900000000000 0.38528600000000 2.24399500000000 0.89759800000000 0.00000000000000
52.80127700000000 5.86680900000000 0.12842900000000 0.12842900000000 0.89900000000000 2.24399500000000 6.28318500000000 0.00000000000000
79.71948800000000 9.92892700000000 -0.28294500000000 -0.86474100000000 0.83852800000000 0.49038200000000 0.76920500000000 0.00000000000000
46.02008300000000 5.11334300000000 0.12842900000000 0.12842900000000 0.89900000000000 0.44879900000000 3.59039200000000 0.00000000000000
65.79048200000000 7.35235600000000 0.70312200000000 0.86182800000000 0.65331100000000 -1.37194800000000 0.78537600000000 0.00000000000000
59.04485800000000 6.56054000000000 0.12842900000000 0.12842900000000 0.89900000000000 2.69279400000000 5.38558700000000 0.00000000000000
38.85222900000000 5.78867300000000 0.89900000000000 0.89900000000000 0.38528600000000 0.44879900000000 4.48799000000000 0.00000000000000
49.97451400000000 5.76970300000000 0.75197300000000 0.78715900000000 0.59392100000000 -1.46142700000000 0.14869900000000 0.00000000000000
57.67252300000000 6.40863200000000 0.79913000000000 0.76694000000000 0.50417600000000 -0.72011700000000 1.67696500000000 1.00000000000000
85.39852600000000 9.48872500000000 -0.12842900000000 -0.12842900000000 0.89900000000000 2.69279400000000 0.89759800000000 0.00000000000000
47.35475800000000 5.27008600000000 0.65016500000000 0.88393100000000 0.69176600000000 1.96956200000000 -1.20961300000000 1.00000000000000
33.46304800000000 17.92481800000000 0.89900000000000 0.89900000000000 0.38528600000000 0.89759800000000 1.79519600000000 0.00000000000000
59.04485800000000 6.56054000000000 0.38528600000000 0.38528600000000 0.89900000000000 2.24399500000000 1.79519600000000 0.00000000000000
59.41223200000000 6.62948400000000 0.70524000000000 0.79781400000000 0.63032500000000 -2.24047300000000 3.00818200000000 0.00000000000000
65.79048200000000 7.35235600000000 0.70312200000000 0.86182800000000 0.65331100000000 -1.37194800000000 0.78537600000000 1.00000000000000
44.57721900000000 6.64165100000000 0.64214300000000 0.64214300000000 0.64214300000000 1.79519600000000 4.48799000000000 0.00000000000000
75.60364100000000 8.40040500000000 -0.12842900000000 -0.12842900000000 0.89900000000000 2.69279400000000 0.89759800000000 0.00000000000000
75.83166400000000 8.56502900000000 0.76637200000000 0.72968700000000 0.57335500000000 3.13620300000000 1.56617900000000 0.00000000000000
46.02008300000000 5.11334300000000 0.64214300000000 0.64214300000000 0.64214300000000 2.69279400000000 5.38558700000000 0.00000000000000
46.02008300000000 5.11334300000000 0.64214300000000 0.64214300000000 0.51371400000000 2.69279400000000 1.79519600000000 0.00000000000000
62.15184500000000 12.00957400000000 0.12842900000000 0.12842900000000 0.89900000000000 0.89759800000000 5.38558700000000 0.00000000000000
46.02008300000000 5.11334300000000 0.64214300000000 0.64214300000000 0.38528600000000 2.24399500000000 0.89759800000000 0.00000000000000
46.02008300000000 5.11334300000000 0.38528600000000 0.38528600000000 0.89900000000000 0.89759800000000 3.59039200000000 0.00000000000000
51.15411900000000 12.59953400000000 0.89900000000000 0.89900000000000 0.38528600000000 1.79519600000000 2.69279400000000 0.00000000000000
64.87578300000000 7.20842000000000 0.64214300000000 0.64214300000000 0.64214300000000 2.69279400000000 3.59039200000000 0.00000000000000
46.02008300000000 5.11334300000000 0.12842900000000 0.12842900000000 0.89900000000000 2.24399500000000 4.48799000000000 0.00000000000000
78.88770100000001 10.46401400000000 -0.29015200000000 -0.83111500000000 0.84243500000000 -0.01649900000000 1.44040600000000 0.00000000000000
38.85222900000000 5.78867300000000 0.64214300000000 0.64214300000000 0.64214300000000 2.69279400000000 5.38558700000000 0.00000000000000
70.37619400000000 7.81957700000000 0.89900000000000 0.89900000000000 0.38528600000000 2.24399500000000 6.28318500000000 0.00000000000000
52.80127700000000 5.86680900000000 0.12842900000000 0.12842900000000 0.89900000000000 0.44879900000000 0.89759800000000 0.00000000000000
47.79811200000000 5.33420100000000 0.68497800000000 0.79564900000000 0.66433400000000 -2.74076600000000 -2.02523800000000 1.00000000000000
85.39852600000000 9.48872500000000 0.64214300000000 0.64214300000000 0.51371400000000 3.14159300000000 4.48799000000000 0.00000000000000
59.04485800000000 6.56054000000000 -0.12842900000000 -0.12842900000000 0.89900000000000 0.44879900000000 4.48799000000000 0.00000000000000
79.47438500000000 8.88372500000000 0.71024000000000 0.81079900000000 0.63010000000000 -1.73724100000000 -1.64210100000000 0.00000000000000
81.68654500000000 9.22051100000000 0.71873000000000 0.54075200000000 0.63021200000000 -1.92523500000000 -0.21026800000000 1.00000000000000
85.39852600000000 9.48872500000000 0.12842900000000 0.12842900000000 0.64214300000000 2.24399500000000 0.89759800000000 0.00000000000000
47.00880000000000 5.28147400000000 0.72396100000000 0.68615500000000 0.60558900000000 -0.39486600000000 1.15053800000000 0.00000000000000
46.02008300000000 5.11334300000000 -0.12842900000000 -0.12842900000000 0.89900000000000 0.00000000000000 3.59039200000000 0.00000000000000
42.97201600000000 8.30346400000000 0.89900000000000 0.89900000000000 0.38528600000000 1.79519600000000 1.79519600000000 0.00000000000000
68.04646700000001 10.13838300000000 -0.38528600000000 -0.38528600000000 0.77057100000000 0.00000000000000 2.69279400000000 0.00000000000000
65.04402300000000 7.40162300000000 0.71994200000000 0.86351400000000 0.63212000000000 0.42786800000000 1.74669100000000 1.00000000000000
47.54832300000000 5.31625500000000 0.81610900000000 0.45238700000000 0.48294700000000 1.23942800000000 1.57157600000000 0.00000000000000
74.53988400000000 10.84346900000000 -0.35743100000000 -0.87869300000000 0.83600800000000 -0.05967900000000 1.76142100000000 1.00000000000000
85.73116000000000 9.69001400000000 0.62060200000000 0.86633100000000 0.73125700000000 -2.95547700000000 -2.66957800000000 1.00000000000000
83.37819100000000 9.32744300000000 0.69270200000000 0.79913200000000 0.64231500000000 0.12852000000000 2.27140100000000 0.00000000000000
83.37819100000000 9.32744300000000 0.69270200000000 0.79913200000000 0.64231500000000 0.12852000000000 2.27140100000000 1.00000000000000
46.02008300000000 5.11334300000000 0.89900000000000 0.89900000000000 0.12842900000000 2.24399500000000 0.89759800000000 0.00000000000000
63.38079500000000 7.21911400000000 0.66348300000000 0.88079200000000 0.68402400000000 2.79367600000000 -1.05363200000000 0.00000000000000
35.45511000000000 18.99188600000000 0.89900000000000 0.89900000000000 0.38528600000000 2.24399500000000 5.38558700000000 0.00000000000000
85.39852600000000 9.48872500000000 -0.12842900000000 -0.12842900000000 0.77057100000000 0.44879900000000 4.48799000000000 0.00000000000000
66.85030600000000 7.49079500000000 0.76646000000000 0.85561100000000 0.54414800000000 -2.95713600000000 2.75255600000000 0.00000000000000
71.35191800000000 8.02878600000000 0.64829100000000 0.87473700000000 0.69972900000000 -2.59552200000000 2.19764500000000 0.00000000000000
54.63254200000000 6.17843300000000 0.75918100000000 0.63182200000000 0.58724600000000 -0.04348500000000 1.09139900000000 0.00000000000000
80.60037100000000 8.95559700000000 -0.12842900000000 -0.12842900000000 0.89900000000000 3.14159300000000 3.59039200000000 0.00000000000000
47.35475800000000 5.27008600000000 0.65016500000000 0.88393100000000 0.69176600000000 1.96956200000000 -1.20961300000000 0.00000000000000
82.10600500000000 9.37464800000000 0.70775400000000 0.74508900000000 0.64481000000000 1.95322900000000 2.73562200000000 0.00000000000000
71.35191800000000 8.02878600000000 0.64829100000000 0.87473700000000 0.69972900000000 -2.59552200000000 2.19764500000000 1.00000000000000
79.47438500000000 8.88372500000000 0.71024000000000 0.81079900000000 0.63010000000000 -1.73724100000000 -1.64210100000000 1.00000000000000
57.16303200000000 6.42144400000000 0.75494100000000 0.71926700000000 0.57749000000000 -0.38978900000000 -3.09033500000000 0.00000000000000
85.73116000000000 9.69001400000000 0.62060200000000 0.86633100000000 0.73125700000000 -2.95547700000000 -2.66957800000000 0.00000000000000
76.13611800000000 8.63093900000000 0.79089700000000 0.77971000000000 0.52958200000000 2.75930600000000 0.84319300000000 1.00000000000000
49.17185300000000 5.54369200000000 0.71099200000000 0.64408000000000 0.64262200000000 1.73199400000000 -0.04360200000000 0.00000000000000
87.41404900000001 9.72536100000000 0.72783400000000 0.61763500000000 0.59462400000000 -1.30540400000000 1.97867200000000 0.00000000000000
81.86976400000000 10.08320700000000 -0.27572100000000 -0.78593300000000 0.83177300000000 3.01767600000000 1.88860900000000 1.00000000000000
50.29570400000000 5.64068300000000 0.72553800000000 0.76882200000000 0.59141400000000 -2.89374100000000 2.70447500000000 0.00000000000000
64.87578300000000 7.20842000000000 0.89900000000000 0.89900000000000 0.38528600000000 0.89759800000000 1.79519600000000 0.00000000000000
86.56759200000000 9.66503200000000 0.74566400000000 0.56513700000000 0.57347900000000 0.46093100000000 -1.74199600000000 1.00000000000000
85.39852600000000 9.48872500000000 0.64214300000000 0.64214300000000 0.64214300000000 3.14159300000000 5.38558700000000 0.00000000000000
62.78535900000000 7.02836100000000 0.80669200000000 0.79746900000000 0.50131700000000 -0.47034500000000 1.00338600000000 1.00000000000000
48.84052500000000 5.53865600000000 0.75395300000000 0.77315200000000 0.58986000000000 2.67529300000000 -0.65614100000000 1.00000000000000
70.83235500000001 8.08936700000000 0.73685500000000 0.78445500000000 0.60658400000000 2.48453700000000 -2.32357500000000 1.00000000000000
61.70877800000000 6.89618600000000 0.66053200000000 0.77451300000000 0.68815700000000 -3.08945000000000 1.07724400000000 0.00000000000000
81.36640100000000 9.18675900000000 0.70391000000000 0.78044900000000 0.64073200000000 0.38495100000000 2.58684200000000 0.00000000000000
29.20727000000000 7.19390700000000 0.89900000000000 0.89900000000000 0.38528600000000 2.24399500000000 5.38558700000000 0.00000000000000
81.36640100000000 9.18675900000000 0.70391000000000 0.78044900000000 0.64073200000000 0.38495100000000 2.58684200000000 1.00000000000000
52.39103100000000 5.82314000000000 0.68854300000000 0.78834500000000 0.65674600000000 1.75168900000000 0.82399600000000 1.00000000000000
75.60364100000000 8.40040500000000 0.89900000000000 0.89900000000000 0.38528600000000 2.24399500000000 1.79519600000000 0.00000000000000
33.49276900000000 6.47179300000000 0.89900000000000 0.89900000000000 0.38528600000000 2.24399500000000 4.48799000000000 0.00000000000000
79.46393900000000 8.91648800000000 0.79069100000000 0.69173000000000 0.53006600000000 0.33578500000000 -0.53732100000000 0.00000000000000
80.60037100000000 8.95559700000000 0.64214300000000 0.64214300000000 0.64214300000000 2.69279400000000 1.79519600000000 0.00000000000000
82.10600500000000 9.37464800000000 0.70775400000000 0.74508900000000 0.64481000000000 1.95322900000000 2.73562200000000 1.00000000000000
61.30808200000000 6.84327900000000 0.77712200000000 0.79832900000000 0.54193400000000 -0.48925200000000 0.19524000000000 1.00000000000000
77.25012700000001 10.40298600000000 -0.33098700000000 -0.80262800000000 0.86062400000000 2.76998200000000 -0.07903300000000 0.00000000000000
67.73276100000000 7.56129300000000 0.69387400000000 0.88103900000000 0.63989000000000 1.69344400000000 0.43711900000000 0.00000000000000
36.66780600000000 14.70140700000000 0.89900000000000 0.89900000000000 0.38528600000000 2.24399500000000 4.48799000000000 0.00000000000000
68.04646700000001 10.13838300000000 0.89900000000000 0.89900000000000 0.38528600000000 1.34639700000000 4.48799000000000 0.00000000000000
85.39852600000000 9.48872500000000 0.38528600000000 0.38528600000000 0.89900000000000 1.34639700000000 5.38558700000000 0.00000000000000
60.25876100000000 6.69621800000000 0.76654900000000 0.44503900000000 0.57751600000000 0.90865100000000 1.14894200000000 1.00000000000000
65.77893100000000 7.34752700000000 0.71676600000000 0.81208800000000 0.61362300000000 1.44217800000000 2.67722000000000 0.00000000000000
85.62124700000000 9.59857600000000 0.74742000000000 0.88849700000000 0.52707300000000 -1.86149500000000 1.87052600000000 0.00000000000000
52.80127700000000 5.86680900000000 0.38528600000000 0.38528600000000 0.89900000000000 2.69279400000000 0.89759800000000 0.00000000000000
73.60745000000000 8.17962200000000 0.82536300000000 0.79552300000000 0.48237400000000 -2.02565200000000 -3.01343500000000 0.00000000000000
87.41404900000001 9.72536100000000 0.72783400000000 0.61763500000000 0.59462400000000 -1.30540400000000 1.97867200000000 1.00000000000000
85.39852600000000 9.48872500000000 0.12842900000000 0.12842900000000 0.89900000000000 2.24399500000000 6.28318500000000 0.00000000000000
80.60037100000000 8.95559700000000 0.38528600000000 0.38528600000000 0.89900000000000 0.89759800000000 4.48799000000000 0.00000000000000
76.73339700000000 8.70402900000000 0.78416200000000 0.57200500000000 0.55361200000000 -0.95895900000000 -1.35113100000000 0.00000000000000
46.60209300000000 5.38982200000000 0.78086300000000 0.86044600000000 0.51594500000000 -0.21679100000000 -0.21856700000000 0.00000000000000
82.97427999999999 9.28844000000000 0.78974000000000 0.64936300000000 0.53616200000000 -1.14384800000000 0.05817600000000 0.00000000000000
47.79811200000000 5.33420100000000 0.68497800000000 0.79564900000000 0.66433400000000 -2.74076600000000 -2.02523800000000 0.00000000000000
86.32364800000001 9.62594400000000 0.75302500000000 0.53241500000000 0.58469900000000 0.78773600000000 1.85866600000000 0.00000000000000
70.37619400000000 7.81957700000000 0.89900000000000 0.89900000000000 0.25685700000000 0.89759800000000 3.59039200000000 0.00000000000000
38.85222900000000 5.78867300000000 0.89900000000000 0.89900000000000 0.12842900000000 0.89759800000000 0.89759800000000 0.00000000000000
71.25144100000000 8.01358900000000 0.81099000000000 0.70157900000000 0.50236800000000 -0.74401400000000 -1.62001000000000 0.00000000000000
86.73372700000000 9.75291600000000 0.72959600000000 0.64134900000000 0.56760700000000 -2.47092800000000 -2.81869800000000 0.00000000000000
83.79329000000000 9.56182200000000 0.70638900000000 0.85466200000000 0.62759200000000 0.01658300000000 -1.24357800000000 0.00000000000000
25.58014400000000 7.99570300000000 0.89900000000000 0.89900000000000 0.38528600000000 0.89759800000000 1.79519600000000 0.00000000000000
72.09728600000000 10.74192200000000 -0.38528600000000 -0.38528600000000 0.77057100000000 3.14159300000000 3.59039200000000 0.00000000000000
57.48620000000000 6.42835000000000 0.73551400000000 0.53556100000000 0.60088500000000 1.10620200000000 1.46418200000000 0.00000000000000
13.85021100000000 13.85021100000000 -0.12842900000000 -0.12842900000000 0.25685700000000 2.24399500000000 0.89759800000000 0.00000000000000
72.09728600000000 10.74192200000000 -0.38528600000000 -0.38528600000000 0.25685700000000 2.24399500000000 0.00000000000000 0.00000000000000
85.39852600000000 9.48872500000000 0.89900000000000 0.89900000000000 0.38528600000000 0.89759800000000 2.69279400000000 0.00000000000000
78.88770100000001 10.46401400000000 -0.29015200000000 -0.83111500000000 0.84243500000000 -0.01649900000000 1.44040600000000 1.00000000000000
64.87578300000000 7.20842000000000 0.38528600000000 0.38528600000000 0.89900000000000 0.89759800000000 4.48799000000000 0.00000000000000
33.49276900000000 6.47179300000000 0.89900000000000 0.89900000000000 0.12842900000000 2.24399500000000 0.00000000000000 0.00000000000000
80.60037100000000 8.95559700000000 0.89900000000000 0.89900000000000 0.38528600000000 2.24399500000000 3.59039200000000 0.00000000000000
61.70877800000000 6.89618600000000 0.66053200000000 0.77451300000000 0.68815700000000 -3.08945000000000 1.07724400000000 1.00000000000000
76.49011000000000 8.81378500000000 0.74886300000000 0.86635400000000 0.56539100000000 -2.23351600000000 -2.66400000000000 0.00000000000000
55.02326500000000 10.63212200000000 0.89900000000000 0.89900000000000 0.38528600000000 1.79519600000000 5.38558700000000 0.00000000000000
84.60174900000000 9.82598600000000 0.76361700000000 0.81795300000000 0.58077000000000 -3.11551800000000 2.74467300000000 1.00000000000000
22.31976500000000 8.94877500000000 0.38528600000000 0.38528600000000 0.89900000000000 1.79519600000000 3.59039200000000 0.00000000000000
70.37619400000000 7.81957700000000 0.38528600000000 0.38528600000000 0.89900000000000 2.24399500000000 1.79519600000000 0.00000000000000
76.35352600000000 10.50141800000000 -0.33577200000000 -0.76995100000000 0.87107500000000 0.87090400000000 0.61527400000000 1.00000000000000
58.65981600000000 11.33481100000000 0.89900000000000 0.89900000000000 0.38528600000000 0.89759800000000 2.69279400000000 0.00000000000000
72.76151200000000 8.24039200000000 0.71601800000000 0.69000500000000 0.62406500000000 -3.08219700000000 -2.17638400000000 0.00000000000000
74.93744800000000 8.38630400000000 0.74385700000000 0.47139900000000 0.58734900000000 2.88392800000000 0.83929200000000 1.00000000000000
68.04646700000001 10.13838300000000 -0.38528600000000 -0.38528600000000 0.89900000000000 0.44879900000000 4.48799000000000 0.00000000000000
63.82800200000000 9.50986500000000 -0.38528600000000 -0.38528600000000 0.89900000000000 3.14159300000000 2.69279400000000 0.00000000000000
25.60864700000000 10.26740300000000 0.89900000000000 0.89900000000000 0.25685700000000 0.89759800000000 3.59039200000000 0.00000000000000
79.34317400000000 10.06369700000000 -0.29235400000000 -0.86620700000000 0.81281900000000 -2.27743500000000 1.66808800000000 0.00000000000000
80.60037100000000 8.95559700000000 0.12842900000000 0.12842900000000 0.64214300000000 2.24399500000000 0.89759800000000 0.00000000000000
36.06103700000000 11.27176400000000 0.89900000000000 0.89900000000000 0.38528600000000 0.89759800000000 0.00000000000000 0.00000000000000
85.39852600000000 9.48872500000000 -0.12842900000000 -0.12842900000000 0.25685700000000 1.34639700000000 3.59039200000000 0.00000000000000
67.73276100000000 7.56129300000000 0.69387400000000 0.88103900000000 0.63989000000000 1.69344400000000 0.43711900000000 1.00000000000000
32.81993200000000 10.25867700000000 0.89900000000000 0.89900000000000 0.38528600000000 0.89759800000000 5.38558700000000 0.00000000000000
81.38528900000000 9.25818700000000 0.79850900000000 0.84877700000000 0.52193500000000 2.69344900000000 -0.94013000000000 0.00000000000000
46.02008300000000 5.11334300000000 0.89900000000000 0.89900000000000 0.00000000000000 0.89759800000000 3.59039200000000 0.00000000000000
59.41475600000000 8.85232600000000 0.89900000000000 0.89900000000000 0.38528600000000 2.24399500000000 5.38558700000000 0.00000000000000
81.13856600000000 9.10608200000000 0.74121500000000 0.81964100000000 0.55646300000000 -0.64273900000000 -2.98238300000000 1.00000000000000
81.86976400000000 10.08320700000000 -0.27572100000000 -0.78593300000000 0.83177300000000 3.01767600000000 1.88860900000000 0.00000000000000
22.31976500000000 8.94877500000000 0.89900000000000 0.89900000000000 0.38528600000000 0.89759800000000 1.79519600000000 0.00000000000000
33.49276900000000 6.47179300000000 0.38528600000000 0.38528600000000 0.12842900000000 2.24399500000000 0.89759800000000 0.00000000000000
77.74726699999999 9.01636700000000 0.75518900000000 0.86074300000000 0.56576500000000 -2.82384000000000 -1.84955400000000 0.00000000000000
48.22449300000000 5.39544100000000 0.76384200000000 0.55488800000000 0.57602200000000 1.65707000000000 -2.52199000000000 0.00000000000000
66.48132699999999 7.63709500000000 0.80998700000000 0.84778400000000 0.51389800000000 3.07233900000000 -2.62960600000000 0.00000000000000
72.09728600000000 10.74192200000000 0.38528600000000 0.38528600000000 0.89900000000000 1.79519600000000 2.69279400000000 0.00000000000000
66.13266700000000 7.37540600000000 0.74129600000000 0.84354400000000 0.56397700000000 1.31811100000000 1.11945600000000 1.00000000000000
34.13249100000000 13.68491000000000 0.89900000000000 0.89900000000000 0.38528600000000 0.89759800000000 0.89759800000000 0.00000000000000
72.09728600000000 10.74192200000000 -0.38528600000000 -0.38528600000000 0.89900000000000 2.69279400000000 2.69279400000000 0.00000000000000
75.60364100000000 8.40040500000000 0.89900000000000 0.89900000000000 0.25685700000000 2.24399500000000 1.79519600000000 0.00000000000000
69.91669500000000 7.81902500000000 0.71900100000000 0.87387900000000 0.58371000000000 -0.91349800000000 -0.63483800000000 1.00000000000000
85.39852600000000 9.48872500000000 -0.12842900000000 -0.12842900000000 0.64214300000000 0.89759800000000 4.48799000000000 0.00000000000000
70.37619400000000 7.81957700000000 0.12842900000000 0.12842900000000 0.77057100000000 2.24399500000000 5.38558700000000 0.00000000000000
26.93463400000000 14.42780700000000 0.89900000000000 0.89900000000000 0.38528600000000 2.24399500000000 2.69279400000000 0.00000000000000
51.21880300000000 9.89698700000000 0.89900000000000 0.89900000000000 0.25685700000000 2.24399500000000 5.38558700000000 0.00000000000000
75.60364100000000 8.40040500000000 -0.12842900000000 -0.12842900000000 0.89900000000000 2.69279400000000 0.00000000000000 0.00000000000000
78.18045800000000 8.82380200000000 0.74888300000000 0.64623800000000 0.56680400000000 1.20737200000000 1.14722400000000 1.00000000000000
58.65162900000000 6.75254300000000 0.71497500000000 0.84608800000000 0.62163600000000 3.04688700000000 -1.96326500000000 0.00000000000000
42.02408900000000 13.13566200000000 0.89900000000000 0.89900000000000 0.38528600000000 0.89759800000000 6.28318500000000 0.00000000000000
83.19054300000001 9.67435700000000 0.72716100000000 0.81592000000000 0.60945300000000 0.89311300000000 0.38859200000000 0.00000000000000
85.39852600000000 9.48872500000000 0.89900000000000 0.89900000000000 0.25685700000000 0.89759800000000 0.89759800000000 0.00000000000000
65.77893100000000 7.34752700000000 0.71676600000000 0.81208800000000 0.61362300000000 1.44217800000000 2.67722000000000 1.00000000000000
82.77391700000000 9.34723200000000 0.76816000000000 0.43756300000000 0.57255200000000 1.10498300000000 1.05229400000000 0.00000000000000
80.60037100000000 8.95559700000000 0.12842900000000 0.12842900000000 0.77057100000000 0.89759800000000 1.79519600000000 0.00000000000000
47.21568200000000 9.12346600000000 0.89900000000000 0.89900000000000 0.38528600000000 0.89759800000000 6.28318500000000 0.00000000000000
55.02326500000000 10.63212200000000 0.38528600000000 0.38528600000000 0.89900000000000 1.79519600000000 4.48799000000000 0.00000000000000
71.96905500000000 8.02633800000000 0.68918900000000 0.71235100000000 0.62980100000000 0.86491200000000 -0.73018400000000 0.00000000000000
31.46478900000000 12.61533500000000 0.89900000000000 0.89900000000000 0.38528600000000 0.89759800000000 0.00000000000000 0.00000000000000
52.80127700000000 5.86680900000000 -0.12842900000000 -0.12842900000000 0.89900000000000 0.00000000000000 0.89759800000000 0.00000000000000
15.89108000000000 15.89108000000000 0.89900000000000 0.89900000000000 0.38528600000000 2.24399500000000 4.48799000000000 0.00000000000000
63.82800200000000 9.50986500000000 0.38528600000000 0.38528600000000 0.89900000000000 1.34639700000000 5.38558700000000 0.00000000000000
80.60037100000000 8.95559700000000 -0.12842900000000 -0.12842900000000 0.89900000000000 2.24399500000000 0.89759800000000 0.00000000000000
54.19933300000000 13.34958600000000 0.89900000000000 0.89900000000000 0.38528600000000 1.34639700000000 3.59039200000000 0.00000000000000
47.46855000000000 14.83746200000000 0.89900000000000 0.89900000000000 0.38528600000000 2.24399500000000 6.28318500000000 0.00000000000000
68.04646700000001 10.13838300000000 -0.12842900000000 -0.12842900000000 0.89900000000000 0.89759800000000 0.00000000000000 0.00000000000000
47.98287600000000 11.81844000000000 0.89900000000000 0.89900000000000 0.38528600000000 0.89759800000000 0.89759800000000 0.00000000000000
65.04402300000000 7.40162300000000 0.71994200000000 0.86351400000000 0.63212000000000 0.42786800000000 1.74669100000000 0.00000000000000
38.85222900000000 5.78867300000000 0.38528600000000 0.38528600000000 0.89900000000000 1.79519600000000 4.48799000000000 0.00000000000000
72.09728600000000 10.74192200000000 0.89900000000000 0.89900000000000 0.25685700000000 2.24399500000000 1.79519600000000 0.00000000000000
38.85222900000000 5.78867300000000 0.64214300000000 0.64214300000000 0.12842900000000 1.34639700000000 5.38558700000000 0.00000000000000
83.84254799999999 9.67824800000000 0.77741100000000 0.67809300000000 0.56070200000000 -0.40263800000000 2.00622700000000 1.00000000000000
42.97201600000000 8.30346400000000 0.38528600000000 0.38528600000000 0.89900000000000 1.34639700000000 5.38558700000000 0.00000000000000
75.60364100000000 8.40040500000000 0.12842900000000 0.12842900000000 0.77057100000000 0.89759800000000 1.79519600000000 0.00000000000000
85.92413100000000 9.54798000000000 0.71141200000000 0.32348200000000 0.63395900000000 -1.96074400000000 -1.90539400000000 0.00000000000000
58.65981600000000 11.33481100000000 0.38528600000000 0.38528600000000 0.89900000000000 1.79519600000000 4.48799000000000 0.00000000000000
28.63678700000000 11.48149000000000 0.89900000000000 0.89900000000000 0.38528600000000 2.24399500000000 1.79519600000000 0.00000000000000
72.09728600000000 10.74192200000000 -0.38528600000000 -0.38528600000000 0.64214300000000 2.69279400000000 2.69279400000000 0.00000000000000
65.12015000000000 7.26109100000000 0.74164100000000 0.83231700000000 0.56342500000000 -0.70779100000000 -1.26777200000000 0.00000000000000
68.04646700000001 10.13838300000000 0.38528600000000 0.38528600000000 0.89900000000000 1.34639700000000 5.38558700000000 0.00000000000000
31.38854400000000 16.81358900000000 0.89900000000000 0.89900000000000 0.38528600000000 0.89759800000000 0.89759800000000 0.00000000000000
85.39852600000000 9.48872500000000 -0.12842900000000 -0.12842900000000 0.51371400000000 2.24399500000000 4.48799000000000 0.00000000000000
24.51379500000000 13.13106000000000 0.89900000000000 0.89900000000000 0.38528600000000 0.89759800000000 4.48799000000000 0.00000000000000
80.22647700000000 8.94318800000000 0.70391900000000 0.83370300000000 0.61817300000000 -2.20763500000000 0.83447100000000 0.00000000000000
44.66520600000000 11.00128000000000 0.89900000000000 0.89900000000000 0.25685700000000 0.89759800000000 1.79519600000000 0.00000000000000
68.04646700000001 10.13838300000000 -0.38528600000000 -0.38528600000000 0.12842900000000 1.79519600000000 1.79519600000000 0.00000000000000
86.14311499999999 9.77016400000000 0.74494300000000 0.86072300000000 0.56590800000000 1.22253900000000 -1.82672700000000 0.00000000000000
19.52502500000000 19.52502500000000 0.89900000000000 0.89900000000000 0.38528600000000 0.89759800000000 4.48799000000000 0.00000000000000
81.17019500000001 9.86085800000000 -0.25880200000000 -0.81076100000000 0.86187300000000 -0.18320700000000 -2.58031500000000 1.00000000000000
63.82800200000000 9.50986500000000 0.89900000000000 0.89900000000000 0.38528600000000 1.79519600000000 6.28318500000000 0.00000000000000
72.09728600000000 10.74192200000000 -0.38528600000000 -0.38528600000000 0.51371400000000 2.24399500000000 2.69279400000000 0.00000000000000
78.54600600000001 8.92348200000000 0.74198700000000 0.57419300000000 0.59103800000000 -1.26123800000000 0.39694400000000 0.00000000000000
85.39852600000000 9.48872500000000 -0.12842900000000 -0.12842900000000 0.12842900000000 0.89759800000000 4.48799000000000 0.00000000000000
80.60037100000000 8.95559700000000 -0.12842900000000 -0.12842900000000 0.77057100000000 0.89759800000000 4.48799000000000 0.00000000000000
62.15184500000000 12.00957400000000 0.89900000000000 0.89900000000000 0.38528600000000 0.89759800000000 3.59039200000000 0.00000000000000
41.17429600000000 10.14145000000000 0.38528600000000 0.38528600000000 0.89900000000000 1.79519600000000 1.79519600000000 0.00000000000000
54.77106100000000 8.16045300000000 0.38528600000000 0.38528600000000 0.89900000000000 1.79519600000000 0.89759800000000 0.00000000000000
68.04646700000001 10.13838300000000 -0.38528600000000 -0.38528600000000 0.25685700000000 2.24399500000000 0.00000000000000 0.00000000000000
62.15184500000000 12.00957400000000 -0.38528600000000 -0.38528600000000 0.89900000000000 1.34639700000000 6.28318500000000 0.00000000000000
47.21568200000000 9.12346600000000 0.38528600000000 0.38528600000000 0.89900000000000 1.34639700000000 0.00000000000000 0.00000000000000
80.60037100000000 8.95559700000000 0.89900000000000 0.89900000000000 0.00000000000000 2.69279400000000 3.59039200000000 0.00000000000000
75.60364100000000 8.40040500000000 0.12842900000000 0.12842900000000 0.89900000000000 2.69279400000000 3.59039200000000 0.00000000000000
79.30140600000000 8.89116100000000 0.66769700000000 0.70116700000000 0.67397200000000 1.24869000000000 2.63931300000000 0.00000000000000
37.47362000000000 9.22995400000000 0.38528600000000 0.38528600000000 0.89900000000000 1.79519600000000 0.89759800000000 0.00000000000000
54.77106100000000 8.16045300000000 0.89900000000000 0.89900000000000 0.25685700000000 2.24399500000000 4.48799000000000 0.00000000000000
22.75368300000000 22.75368300000000 0.89900000000000 0.89900000000000 0.38528600000000 0.89759800000000 0.00000000000000 0.00000000000000
74.53988400000000 10.84346900000000 -0.35743100000000 -0.87869300000000 0.83600800000000 -0.05967900000000 1.76142100000000 0.00000000000000
83.05783099999999 9.36582400000000 0.74594300000000 0.66279900000000 0.57870600000000 0.73038800000000 -0.51334800000000 0.00000000000000
70.19595500000000 7.88849600000000 0.70608200000000 0.86618800000000 0.62198400000000 1.15840300000000 0.83699200000000 0.00000000000000
63.82800200000000 9.50986500000000 -0.12842900000000 -0.12842900000000 0.89900000000000 2.24399500000000 2.69279400000000 0.00000000000000
59.41475600000000 8.85232600000000 0.38528600000000 0.38528600000000 0.89900000000000 1.34639700000000 4.48799000000000 0.00000000000000
24.25750000000000 24.25750000000000 0.89900000000000 0.89900000000000 0.38528600000000 0.89759800000000 0.89759800000000 0.00000000000000
44.57721900000000 6.64165100000000 0.89900000000000 0.89900000000000 0.25685700000000 0.89759800000000 0.89759800000000 0.00000000000000
77.05999000000000 8.92472100000000 0.78907500000000 0.80776600000000 0.54028300000000 1.51514800000000 2.96070300000000 0.00000000000000
78.61116600000000 10.25518800000000 -0.30836500000000 -0.87269000000000 0.82921200000000 1.18380900000000 0.70431500000000 0.00000000000000
75.42316500000000 8.52270500000000 0.81217900000000 0.71727400000000 0.50362600000000 0.05711600000000 0.20016300000000 0.00000000000000
70.37619400000000 7.81957700000000 0.12842900000000 0.12842900000000 0.89900000000000 0.89759800000000 4.48799000000000 0.00000000000000
33.49276900000000 6.47179300000000 0.64214300000000 0.64214300000000 0.38528600000000 2.69279400000000 4.48799000000000 0.00000000000000
51.21880300000000 9.89698700000000 0.38528600000000 0.38528600000000 0.89900000000000 1.34639700000000 0.89759800000000 0.00000000000000
77.68400300000000 8.75098600000000 0.71617600000000 0.62967400000000 0.60663000000000 0.33202300000000 -1.48240100000000 0.00000000000000
47.98287600000000 11.81844000000000 -0.64214300000000 -0.64214300000000 0.25685700000000 1.34639700000000 2.69279400000000 0.00000000000000
85.39852600000000 9.48872500000000 0.89900000000000 0.89900000000000 0.12842900000000 0.89759800000000 6.28318500000000 0.00000000000000
68.04646700000001 10.13838300000000 0.12842900000000 0.12842900000000 0.89900000000000 2.24399500000000 0.89759800000000 0.00000000000000
44.80150900000000 14.00381300000000 0.89900000000000 0.89900000000000 0.38528600000000 0.89759800000000 1.79519600000000 0.00000000000000
59.04485800000000 6.56054000000000 0.64214300000000 0.64214300000000 0.64214300000000 2.69279400000000 0.89759800000000 0.00000000000000
