2.518956000000000017e+01 3.753044000000000047e+00 3.852860000000000174e-01 3.852860000000000174e-01 8.990000000000000213e-01 1.795196000000000014e+00 2.692794000000000132e+00 0.000000000000000000e+00
1.658470000000000155e+01 5.183956000000000230e+00 -6.421430000000000193e-01 -6.421430000000000193e-01 5.137140000000000040e-01 8.975980000000000070e-01 3.590392000000000028e+00 0.000000000000000000e+00
2.983678499999999900e+01 3.315198000000000089e+00 8.990000000000000213e-01 8.990000000000000213e-01 3.852860000000000174e-01 4.487990000000000035e-01 4.487989999999999924e+00 0.000000000000000000e+00
1.658470000000000155e+01 5.183956000000000230e+00 3.852860000000000174e-01 3.852860000000000174e-01 8.990000000000000213e-01 2.243994999999999962e+00 1.795196000000000014e+00 0.000000000000000000e+00
1.447085700000000053e+01 5.801872999999999614e+00 -6.421430000000000193e-01 -6.421430000000000193e-01 3.852860000000000174e-01 1.795196000000000014e+00 5.385587000000000124e+00 0.000000000000000000e+00
8.979682999999999637e+00 8.979682999999999637e+00 8.990000000000000213e-01 8.990000000000000213e-01 3.852860000000000174e-01 8.975980000000000070e-01 0.000000000000000000e+00 0.000000000000000000e+00
2.426250299999999882e+01 5.975984999999999658e+00 -6.421430000000000193e-01 -6.421430000000000193e-01 3.852860000000000174e-01 1.346397000000000066e+00 1.795196000000000014e+00 0.000000000000000000e+00
2.171479199999999921e+01 4.195940000000000225e+00 -1.284289999999999876e-01 -1.284289999999999876e-01 5.137140000000000040e-01 2.692794000000000132e+00 2.692794000000000132e+00 0.000000000000000000e+00
3.844242799999999960e+01 5.727616000000000263e+00 -3.852860000000000174e-01 -3.852860000000000174e-01 2.568570000000000020e-01 8.975980000000000070e-01 8.975980000000000070e-01 0.000000000000000000e+00
2.171479199999999921e+01 4.195940000000000225e+00 1.284289999999999876e-01 1.284289999999999876e-01 3.852860000000000174e-01 2.692794000000000132e+00 3.590392000000000028e+00 0.000000000000000000e+00
1.893632099999999951e+01 4.664117000000000068e+00 6.421430000000000193e-01 6.421430000000000193e-01 5.137140000000000040e-01 1.795196000000000014e+00 1.795196000000000014e+00 0.000000000000000000e+00
5.522409900000000249e+01 6.136010999999999882e+00 1.284289999999999876e-01 1.284289999999999876e-01 7.705710000000000059e-01 2.692794000000000132e+00 5.385587000000000124e+00 0.000000000000000000e+00
3.822892099999999971e+01 4.247658000000000378e+00 1.284289999999999876e-01 1.284289999999999876e-01 6.421430000000000193e-01 1.346397000000000066e+00 5.385587000000000124e+00 0.000000000000000000e+00
1.238740899999999989e+01 6.635440000000000005e+00 -6.421430000000000193e-01 -6.421430000000000193e-01 6.421430000000000193e-01 4.487990000000000035e-01 2.692794000000000132e+00 0.000000000000000000e+00
2.983678499999999900e+01 3.315198000000000089e+00 8.990000000000000213e-01 8.990000000000000213e-01 1.284289999999999876e-01 2.243994999999999962e+00 5.385587000000000124e+00 0.000000000000000000e+00
4.128863100000000230e+01 6.151678000000000424e+00 -3.852860000000000174e-01 -3.852860000000000174e-01 3.852860000000000174e-01 1.795196000000000014e+00 2.692794000000000132e+00 0.000000000000000000e+00
1.893632099999999951e+01 4.664117000000000068e+00 1.284289999999999876e-01 1.284289999999999876e-01 8.990000000000000213e-01 2.692794000000000132e+00 8.975980000000000070e-01 0.000000000000000000e+00
1.447085700000000053e+01 5.801872999999999614e+00 -8.990000000000000213e-01 -8.990000000000000213e-01 3.852860000000000174e-01 8.975980000000000070e-01 6.283184999999999576e+00 0.000000000000000000e+00
2.518956000000000017e+01 3.753044000000000047e+00 -3.852860000000000174e-01 -3.852860000000000174e-01 3.852860000000000174e-01 0.000000000000000000e+00 3.590392000000000028e+00 0.000000000000000000e+00
2.983678499999999900e+01 3.315198000000000089e+00 6.421430000000000193e-01 6.421430000000000193e-01 0.000000000000000000e+00 4.487990000000000035e-01 4.487989999999999924e+00 0.000000000000000000e+00
3.822892099999999971e+01 4.247658000000000378e+00 -1.284289999999999876e-01 -1.284289999999999876e-01 3.852860000000000174e-01 1.795196000000000014e+00 4.487989999999999924e+00 0.000000000000000000e+00
2.983678499999999900e+01 3.315198000000000089e+00 8.990000000000000213e-01 8.990000000000000213e-01 2.568570000000000020e-01 2.243994999999999962e+00 2.692794000000000132e+00 0.000000000000000000e+00
1.238740899999999989e+01 6.635440000000000005e+00 -3.852860000000000174e-01 -3.852860000000000174e-01 6.421430000000000193e-01 4.487990000000000035e-01 5.385587000000000124e+00 0.000000000000000000e+00
3.227457900000000279e+01 4.808656000000000041e+00 -1.284289999999999876e-01 -1.284289999999999876e-01 1.284289999999999876e-01 2.692794000000000132e+00 2.692794000000000132e+00 0.000000000000000000e+00
1.238740899999999989e+01 6.635440000000000005e+00 -1.284289999999999876e-01 -1.284289999999999876e-01 6.421430000000000193e-01 0.000000000000000000e+00 6.283184999999999576e+00 0.000000000000000000e+00
2.171479199999999921e+01 4.195940000000000225e+00 8.990000000000000213e-01 8.990000000000000213e-01 1.284289999999999876e-01 2.243994999999999962e+00 8.975980000000000070e-01 0.000000000000000000e+00
2.518956000000000017e+01 3.753044000000000047e+00 3.852860000000000174e-01 3.852860000000000174e-01 1.284289999999999876e-01 1.346397000000000066e+00 1.795196000000000014e+00 0.000000000000000000e+00
1.658470000000000155e+01 5.183956000000000230e+00 -1.284289999999999876e-01 -1.284289999999999876e-01 5.137140000000000040e-01 8.975980000000000070e-01 0.000000000000000000e+00 0.000000000000000000e+00
1.893632099999999951e+01 4.664117000000000068e+00 3.852860000000000174e-01 3.852860000000000174e-01 1.284289999999999876e-01 8.975980000000000070e-01 2.692794000000000132e+00 0.000000000000000000e+00
3.822892099999999971e+01 4.247658000000000378e+00 1.284289999999999876e-01 1.284289999999999876e-01 7.705710000000000059e-01 4.487990000000000035e-01 2.692794000000000132e+00 0.000000000000000000e+00
3.103884199999999893e+01 7.645032999999999745e+00 -6.421430000000000193e-01 -6.421430000000000193e-01 5.137140000000000040e-01 1.346397000000000066e+00 3.590392000000000028e+00 0.000000000000000000e+00
1.447085700000000053e+01 5.801872999999999614e+00 -3.852860000000000174e-01 -3.852860000000000174e-01 2.568570000000000020e-01 2.243994999999999962e+00 5.385587000000000124e+00 0.000000000000000000e+00
2.518956000000000017e+01 3.753044000000000047e+00 6.421430000000000193e-01 6.421430000000000193e-01 1.284289999999999876e-01 2.243994999999999962e+00 5.385587000000000124e+00 0.000000000000000000e+00
1.658470000000000155e+01 5.183956000000000230e+00 -6.421430000000000193e-01 -6.421430000000000193e-01 1.284289999999999876e-01 2.243994999999999962e+00 3.590392000000000028e+00 0.000000000000000000e+00
3.420511100000000226e+01 3.800568000000000168e+00 1.284289999999999876e-01 1.284289999999999876e-01 7.705710000000000059e-01 2.243994999999999962e+00 0.000000000000000000e+00 0.000000000000000000e+00
2.983678499999999900e+01 3.315198000000000089e+00 6.421430000000000193e-01 6.421430000000000193e-01 5.137140000000000040e-01 2.692794000000000132e+00 1.795196000000000014e+00 0.000000000000000000e+00
3.822892099999999971e+01 4.247658000000000378e+00 -1.284289999999999876e-01 -1.284289999999999876e-01 3.852860000000000174e-01 8.975980000000000070e-01 6.283184999999999576e+00 0.000000000000000000e+00
1.893632099999999951e+01 4.664117000000000068e+00 -3.852860000000000174e-01 -3.852860000000000174e-01 6.421430000000000193e-01 2.243994999999999962e+00 3.590392000000000028e+00 0.000000000000000000e+00
2.518956000000000017e+01 3.753044000000000047e+00 3.852860000000000174e-01 3.852860000000000174e-01 8.990000000000000213e-01 1.795196000000000014e+00 8.975980000000000070e-01 0.000000000000000000e+00
3.420511100000000226e+01 3.800568000000000168e+00 -1.284289999999999876e-01 -1.284289999999999876e-01 8.990000000000000213e-01 2.243994999999999962e+00 2.692794000000000132e+00 0.000000000000000000e+00
4.553467700000000207e+01 5.059408999999999601e+00 1.284289999999999876e-01 1.284289999999999876e-01 7.705710000000000059e-01 8.975980000000000070e-01 5.385587000000000124e+00 0.000000000000000000e+00
1.658470000000000155e+01 5.183956000000000230e+00 3.852860000000000174e-01 3.852860000000000174e-01 0.000000000000000000e+00 1.795196000000000014e+00 2.692794000000000132e+00 0.000000000000000000e+00
2.983678499999999900e+01 3.315198000000000089e+00 8.990000000000000213e-01 8.990000000000000213e-01 0.000000000000000000e+00 1.795196000000000014e+00 5.385587000000000124e+00 0.000000000000000000e+00
3.822892099999999971e+01 4.247658000000000378e+00 -1.284289999999999876e-01 -1.284289999999999876e-01 1.284289999999999876e-01 8.975980000000000070e-01 4.487989999999999924e+00 0.000000000000000000e+00
2.170873800000000031e+01 5.346979000000000148e+00 -6.421430000000000193e-01 -6.421430000000000193e-01 5.137140000000000040e-01 1.346397000000000066e+00 2.692794000000000132e+00 0.000000000000000000e+00
8.979682999999999637e+00 8.979682999999999637e+00 6.421430000000000193e-01 6.421430000000000193e-01 6.421430000000000193e-01 1.795196000000000014e+00 2.692794000000000132e+00 0.000000000000000000e+00
2.171479199999999921e+01 4.195940000000000225e+00 -3.852860000000000174e-01 -3.852860000000000174e-01 6.421430000000000193e-01 0.000000000000000000e+00 3.590392000000000028e+00 0.000000000000000000e+00
2.518956000000000017e+01 3.753044000000000047e+00 8.990000000000000213e-01 8.990000000000000213e-01 3.852860000000000174e-01 0.000000000000000000e+00 5.385587000000000124e+00 0.000000000000000000e+00
2.171479199999999921e+01 4.195940000000000225e+00 6.421430000000000193e-01 6.421430000000000193e-01 1.284289999999999876e-01 2.692794000000000132e+00 0.000000000000000000e+00 0.000000000000000000e+00
2.171479199999999921e+01 4.195940000000000225e+00 3.852860000000000174e-01 3.852860000000000174e-01 3.852860000000000174e-01 3.141592999999999858e+00 3.590392000000000028e+00 0.000000000000000000e+00
3.822892099999999971e+01 4.247658000000000378e+00 1.284289999999999876e-01 1.284289999999999876e-01 6.421430000000000193e-01 1.346397000000000066e+00 8.975980000000000070e-01 0.000000000000000000e+00
2.171479199999999921e+01 4.195940000000000225e+00 1.284289999999999876e-01 1.284289999999999876e-01 7.705710000000000059e-01 2.692794000000000132e+00 5.385587000000000124e+00 0.000000000000000000e+00
5.522409900000000249e+01 6.136010999999999882e+00 1.284289999999999876e-01 1.284289999999999876e-01 8.990000000000000213e-01 8.975980000000000070e-01 2.692794000000000132e+00 0.000000000000000000e+00
1.658470000000000155e+01 5.183956000000000230e+00 8.990000000000000213e-01 8.990000000000000213e-01 2.568570000000000020e-01 8.975980000000000070e-01 5.385587000000000124e+00 0.000000000000000000e+00
3.013813899999999890e+01 3.403157999999999905e+00 8.542669999999999986e-01 5.242139999999999578e-01 4.339729999999999976e-01 9.334980000000000500e-01 1.400222000000000078e+00 0.000000000000000000e+00
2.992683500000000052e+01 3.428958000000000172e+00 8.524850000000000483e-01 2.023619999999999863e-01 4.347840000000000038e-01 -1.964180999999999955e+00 -3.827780000000000071e-01 0.000000000000000000e+00
4.553467700000000207e+01 5.059408999999999601e+00 1.284289999999999876e-01 1.284289999999999876e-01 8.990000000000000213e-01 2.243994999999999962e+00 8.975980000000000070e-01 0.000000000000000000e+00
5.212891299999999717e+01 5.792100999999999722e+00 1.284289999999999876e-01 1.284289999999999876e-01 8.990000000000000213e-01 2.692794000000000132e+00 6.283184999999999576e+00 0.000000000000000000e+00
4.198793899999999724e+01 4.665326999999999558e+00 1.284289999999999876e-01 1.284289999999999876e-01 8.990000000000000213e-01 8.975980000000000070e-01 4.487989999999999924e+00 0.000000000000000000e+00
2.983678499999999900e+01 3.315198000000000089e+00 6.421430000000000193e-01 6.421430000000000193e-01 6.421430000000000193e-01 4.487990000000000035e-01 8.975980000000000070e-01 0.000000000000000000e+00
2.977061600000000041e+01 3.510044999999999860e+00 8.478250000000000508e-01 7.234850000000000447e-01 4.488070000000000115e-01 2.075546999999999809e+00 -2.973793999999999826e+00 0.000000000000000000e+00
3.822892099999999971e+01 4.247658000000000378e+00 1.284289999999999876e-01 1.284289999999999876e-01 8.990000000000000213e-01 8.975980000000000070e-01 4.487989999999999924e+00 0.000000000000000000e+00
2.518956000000000017e+01 3.753044000000000047e+00 6.421430000000000193e-01 6.421430000000000193e-01 6.421430000000000193e-01 2.692794000000000132e+00 2.692794000000000132e+00 0.000000000000000000e+00
4.890597700000000003e+01 5.433996999999999744e+00 1.284289999999999876e-01 1.284289999999999876e-01 8.990000000000000213e-01 4.487990000000000035e-01 3.590392000000000028e+00 0.000000000000000000e+00
2.171479199999999921e+01 4.195940000000000225e+00 8.990000000000000213e-01 8.990000000000000213e-01 2.568570000000000020e-01 8.975980000000000070e-01 1.795196000000000014e+00 0.000000000000000000e+00
5.522409900000000249e+01 6.136010999999999882e+00 1.284289999999999876e-01 1.284289999999999876e-01 8.990000000000000213e-01 4.487990000000000035e-01 8.975980000000000070e-01 0.000000000000000000e+00
3.185309200000000018e+01 3.583044999999999813e+00 7.677089999999999748e-01 7.065949999999999731e-01 5.652009999999999534e-01 2.462020000000000042e-01 -2.092948999999999948e+00 1.000000000000000000e+00
2.489399799999999985e+01 4.810255999999999865e+00 -1.284289999999999876e-01 -1.284289999999999876e-01 5.137140000000000040e-01 1.346397000000000066e+00 4.487989999999999924e+00 0.000000000000000000e+00
2.682855800000000102e+01 3.955524000000000040e+00 7.964679999999999538e-01 8.153770000000000184e-01 6.025679999999999925e-01 -2.392066999999999943e+00 -2.163552999999999837e+00 1.000000000000000000e+00
4.553467700000000207e+01 5.059408999999999601e+00 1.284289999999999876e-01 1.284289999999999876e-01 8.990000000000000213e-01 8.975980000000000070e-01 1.795196000000000014e+00 0.000000000000000000e+00
4.198793899999999724e+01 4.665326999999999558e+00 8.990000000000000213e-01 8.990000000000000213e-01 3.852860000000000174e-01 8.975980000000000070e-01 8.975980000000000070e-01 0.000000000000000000e+00
2.943609199999999859e+01 3.480398000000000103e+00 7.874240000000000128e-01 7.820350000000000357e-01 5.412139999999999729e-01 -7.976229999999999709e-01 2.822500999999999927e+00 1.000000000000000000e+00
5.522409900000000249e+01 6.136010999999999882e+00 1.284289999999999876e-01 1.284289999999999876e-01 7.705710000000000059e-01 8.975980000000000070e-01 4.487989999999999924e+00 0.000000000000000000e+00
4.305364900000000006e+01 4.798365999999999687e+00 7.282260000000000399e-01 8.869979999999999531e-01 6.110229999999999828e-01 -3.199460000000000082e-01 1.329139999999999988e+00 1.000000000000000000e+00
4.128863100000000230e+01 6.151678000000000424e+00 8.990000000000000213e-01 8.990000000000000213e-01 3.852860000000000174e-01 2.243994999999999962e+00 1.795196000000000014e+00 0.000000000000000000e+00
2.986625000000000085e+01 3.410798999999999914e+00 8.257870000000000488e-01 7.116989999999999705e-01 4.070170000000000177e-01 1.459581000000000017e+00 -1.574586000000000041e+00 0.000000000000000000e+00
5.522409900000000249e+01 6.136010999999999882e+00 -1.284289999999999876e-01 -1.284289999999999876e-01 8.990000000000000213e-01 4.487990000000000035e-01 4.487989999999999924e+00 0.000000000000000000e+00
2.171479199999999921e+01 4.195940000000000225e+00 8.990000000000000213e-01 8.990000000000000213e-01 3.852860000000000174e-01 2.243994999999999962e+00 5.385587000000000124e+00 0.000000000000000000e+00
4.710673400000000299e+01 5.379325999999999830e+00 7.755020000000000246e-01 8.666519999999999779e-01 5.584989999999999677e-01 -2.433959000000000206e+00 -4.133839999999999737e-01 0.000000000000000000e+00
3.136208099999999988e+01 3.569551999999999836e+00 8.455660000000000398e-01 7.202490000000000281e-01 4.444879999999999942e-01 -1.911750999999999978e+00 -2.828396999999999828e+00 0.000000000000000000e+00
3.420511100000000226e+01 3.800568000000000168e+00 1.284289999999999876e-01 1.284289999999999876e-01 8.990000000000000213e-01 8.975980000000000070e-01 4.487989999999999924e+00 0.000000000000000000e+00
3.420511100000000226e+01 3.800568000000000168e+00 8.990000000000000213e-01 8.990000000000000213e-01 2.568570000000000020e-01 8.975980000000000070e-01 3.590392000000000028e+00 0.000000000000000000e+00
1.238740899999999989e+01 6.635440000000000005e+00 3.852860000000000174e-01 3.852860000000000174e-01 2.568570000000000020e-01 2.243994999999999962e+00 0.000000000000000000e+00 0.000000000000000000e+00
5.522409900000000249e+01 6.136010999999999882e+00 8.990000000000000213e-01 8.990000000000000213e-01 3.852860000000000174e-01 8.975980000000000070e-01 2.692794000000000132e+00 0.000000000000000000e+00
2.983678499999999900e+01 3.315198000000000089e+00 6.421430000000000193e-01 6.421430000000000193e-01 3.852860000000000174e-01 4.487990000000000035e-01 2.692794000000000132e+00 0.000000000000000000e+00
1.854104699999999895e+01 7.433754999999999669e+00 8.990000000000000213e-01 8.990000000000000213e-01 3.852860000000000174e-01 8.975980000000000070e-01 4.487989999999999924e+00 0.000000000000000000e+00
4.890597700000000003e+01 5.433996999999999744e+00 -1.284289999999999876e-01 -1.284289999999999876e-01 8.990000000000000213e-01 0.000000000000000000e+00 8.975980000000000070e-01 0.000000000000000000e+00
1.447085700000000053e+01 5.801872999999999614e+00 8.990000000000000213e-01 8.990000000000000213e-01 3.852860000000000174e-01 8.975980000000000070e-01 0.000000000000000000e+00 0.000000000000000000e+00
5.049918100000000010e+01 5.660517999999999716e+00 7.625910000000000188e-01 7.190090000000000092e-01 5.823199999999999488e-01 -2.000401000000000096e+00 2.188379999999999992e+00 1.000000000000000000e+00
3.822892099999999971e+01 4.247658000000000378e+00 3.852860000000000174e-01 3.852860000000000174e-01 8.990000000000000213e-01 2.692794000000000132e+00 6.283184999999999576e+00 0.000000000000000000e+00
2.983678499999999900e+01 3.315198000000000089e+00 1.284289999999999876e-01 1.284289999999999876e-01 8.990000000000000213e-01 2.692794000000000132e+00 5.385587000000000124e+00 0.000000000000000000e+00
3.420511100000000226e+01 3.800568000000000168e+00 8.990000000000000213e-01 8.990000000000000213e-01 3.852860000000000174e-01 4.487990000000000035e-01 5.385587000000000124e+00 0.000000000000000000e+00
2.782246999999999915e+01 5.376123999999999903e+00 8.990000000000000213e-01 8.990000000000000213e-01 3.852860000000000174e-01 2.243994999999999962e+00 8.975980000000000070e-01 0.000000000000000000e+00
3.075206400000000073e+01 3.579753999999999881e+00 7.157440000000000468e-01 8.720999999999999863e-01 6.205739999999999590e-01 -1.564724999999999921e+00 -2.928412999999999933e+00 0.000000000000000000e+00
5.212891299999999717e+01 5.792100999999999722e+00 3.852860000000000174e-01 3.852860000000000174e-01 8.990000000000000213e-01 4.487990000000000035e-01 4.487989999999999924e+00 0.000000000000000000e+00
5.593697199999999725e+01 6.218895999999999979e+00 7.644980000000000109e-01 5.917820000000000302e-01 5.761570000000000302e-01 2.324860999999999844e+00 -2.944230999999999820e+00 1.000000000000000000e+00
2.943230799999999903e+01 3.464749999999999996e+00 7.591050000000000297e-01 7.532309999999999839e-01 5.550129999999999786e-01 1.513883000000000090e+00 1.444736000000000020e+00 0.000000000000000000e+00
4.198793899999999724e+01 4.665326999999999558e+00 1.284289999999999876e-01 1.284289999999999876e-01 8.990000000000000213e-01 4.487990000000000035e-01 3.590392000000000028e+00 0.000000000000000000e+00
3.822892099999999971e+01 4.247658000000000378e+00 8.990000000000000213e-01 8.990000000000000213e-01 3.852860000000000174e-01 8.975980000000000070e-01 4.487989999999999924e+00 0.000000000000000000e+00
2.983678499999999900e+01 3.315198000000000089e+00 3.852860000000000174e-01 3.852860000000000174e-01 8.990000000000000213e-01 4.487990000000000035e-01 8.975980000000000070e-01 0.000000000000000000e+00
2.983678499999999900e+01 3.315198000000000089e+00 -1.284289999999999876e-01 -1.284289999999999876e-01 8.990000000000000213e-01 0.000000000000000000e+00 3.590392000000000028e+00 0.000000000000000000e+00
1.238740899999999989e+01 6.635440000000000005e+00 -6.421430000000000193e-01 -6.421430000000000193e-01 2.568570000000000020e-01 8.975980000000000070e-01 4.487989999999999924e+00 0.000000000000000000e+00
2.983678499999999900e+01 3.315198000000000089e+00 1.284289999999999876e-01 1.284289999999999876e-01 8.990000000000000213e-01 8.975980000000000070e-01 4.487989999999999924e+00 0.000000000000000000e+00
2.171479199999999921e+01 4.195940000000000225e+00 3.852860000000000174e-01 3.852860000000000174e-01 8.990000000000000213e-01 1.795196000000000014e+00 8.975980000000000070e-01 0.000000000000000000e+00
5.021915299999999860e+01 5.647948999999999664e+00 7.243309999999999471e-01 8.301399999999999890e-01 6.230019999999999447e-01 2.168940000000000090e+00 2.374121000000000148e+00 1.000000000000000000e+00
3.822892099999999971e+01 4.247658000000000378e+00 -1.284289999999999876e-01 -1.284289999999999876e-01 8.990000000000000213e-01 3.141592999999999858e+00 1.795196000000000014e+00 0.000000000000000000e+00
2.036417300000000097e+01 8.164709999999999468e+00 8.990000000000000213e-01 8.990000000000000213e-01 3.852860000000000174e-01 2.243994999999999962e+00 2.692794000000000132e+00 0.000000000000000000e+00
2.887749700000000175e+01 4.302518000000000065e+00 8.990000000000000213e-01 8.990000000000000213e-01 3.852860000000000174e-01 2.243994999999999962e+00 6.283184999999999576e+00 0.000000000000000000e+00
3.238635699999999673e+01 3.781711000000000045e+00 6.960309999999999553e-01 8.776019999999999932e-01 6.578650000000000331e-01 1.718398000000000092e+00 1.576983999999999941e+00 0.000000000000000000e+00
2.124944699999999997e+01 6.642037000000000191e+00 8.990000000000000213e-01 8.990000000000000213e-01 3.852860000000000174e-01 2.243994999999999962e+00 8.975980000000000070e-01 0.000000000000000000e+00
5.382205900000000298e+01 6.108151999999999582e+00 6.968790000000000262e-01 7.924179999999999557e-01 6.588789999999999925e-01 -1.953410000000000091e+00 -2.124270999999999798e+00 0.000000000000000000e+00
2.718426200000000037e+01 8.497109000000000023e+00 8.990000000000000213e-01 8.990000000000000213e-01 3.852860000000000174e-01 2.243994999999999962e+00 4.487989999999999924e+00 0.000000000000000000e+00
4.198793899999999724e+01 4.665326999999999558e+00 6.421430000000000193e-01 6.421430000000000193e-01 6.421430000000000193e-01 8.975980000000000070e-01 3.590392000000000028e+00 0.000000000000000000e+00
2.030441100000000176e+01 1.087626200000000054e+01 8.990000000000000213e-01 8.990000000000000213e-01 3.852860000000000174e-01 8.975980000000000070e-01 1.795196000000000014e+00 0.000000000000000000e+00
5.298896400000000284e+01 5.940527000000000335e+00 7.536049999999999693e-01 5.493270000000000097e-01 5.880600000000000271e-01 2.633153000000000077e+00 1.517514999999999947e+00 0.000000000000000000e+00
4.932965899999999948e+01 5.494557000000000357e+00 7.502039999999999820e-01 4.593360000000000221e-01 5.970029999999999504e-01 -2.149164999999999992e+00 1.934029999999999916e-01 0.000000000000000000e+00
2.489399799999999985e+01 4.810255999999999865e+00 1.284289999999999876e-01 1.284289999999999876e-01 8.990000000000000213e-01 1.795196000000000014e+00 1.795196000000000014e+00 0.000000000000000000e+00
2.426250299999999882e+01 5.975984999999999658e+00 8.990000000000000213e-01 8.990000000000000213e-01 3.852860000000000174e-01 1.795196000000000014e+00 5.385587000000000124e+00 0.000000000000000000e+00
5.465358499999999964e+01 6.173455999999999833e+00 6.868189999999999573e-01 8.734819999999999807e-01 6.509909999999999863e-01 2.059921000000000113e+00 -1.134949999999999903e+00 1.000000000000000000e+00
2.170873800000000031e+01 5.346979000000000148e+00 8.990000000000000213e-01 8.990000000000000213e-01 3.852860000000000174e-01 8.975980000000000070e-01 6.283184999999999576e+00 0.000000000000000000e+00
4.890597700000000003e+01 5.433996999999999744e+00 8.990000000000000213e-01 8.990000000000000213e-01 3.852860000000000174e-01 2.243994999999999962e+00 1.795196000000000014e+00 0.000000000000000000e+00
5.090293700000000143e+01 5.723107999999999862e+00 6.829450000000000243e-01 8.796190000000000397e-01 6.709749999999999881e-01 -8.552319999999999922e-01 -3.092979000000000145e+00 0.000000000000000000e+00
3.313949699999999865e+01 6.403531000000000084e+00 8.990000000000000213e-01 8.990000000000000213e-01 3.852860000000000174e-01 1.346397000000000066e+00 8.975980000000000070e-01 0.000000000000000000e+00
3.420511100000000226e+01 3.800568000000000168e+00 6.421430000000000193e-01 6.421430000000000193e-01 6.421430000000000193e-01 3.141592999999999858e+00 8.975980000000000070e-01 0.000000000000000000e+00
5.373167099999999863e+01 6.065317000000000291e+00 7.167329999999999535e-01 8.677859999999999463e-01 6.091280000000000028e-01 2.364961000000000091e+00 2.847696000000000005e+00 0.000000000000000000e+00
5.522409900000000249e+01 6.136010999999999882e+00 6.421430000000000193e-01 6.421430000000000193e-01 6.421430000000000193e-01 2.692794000000000132e+00 6.283184999999999576e+00 0.000000000000000000e+00
4.305364900000000006e+01 4.798365999999999687e+00 7.282260000000000399e-01 8.869979999999999531e-01 6.110229999999999828e-01 -3.199460000000000082e-01 1.329139999999999988e+00 0.000000000000000000e+00
2.333888800000000074e+01 7.295143000000000377e+00 8.990000000000000213e-01 8.990000000000000213e-01 3.852860000000000174e-01 8.975980000000000070e-01 5.385587000000000124e+00 0.000000000000000000e+00
2.489399799999999985e+01 4.810255999999999865e+00 8.990000000000000213e-01 8.990000000000000213e-01 3.852860000000000174e-01 8.975980000000000070e-01 1.795196000000000014e+00 0.000000000000000000e+00
4.553467700000000207e+01 5.059408999999999601e+00 8.990000000000000213e-01 8.990000000000000213e-01 3.852860000000000174e-01 2.243994999999999962e+00 0.000000000000000000e+00 0.000000000000000000e+00
2.518956000000000017e+01 3.753044000000000047e+00 8.990000000000000213e-01 8.990000000000000213e-01 2.568570000000000020e-01 1.795196000000000014e+00 4.487989999999999924e+00 0.000000000000000000e+00
4.198793899999999724e+01 4.665326999999999558e+00 8.990000000000000213e-01 8.990000000000000213e-01 2.568570000000000020e-01 8.975980000000000070e-01 5.385587000000000124e+00 0.000000000000000000e+00
5.092555699999999774e+01 5.708078999999999681e+00 6.777760000000000451e-01 8.157579999999999831e-01 6.724729999999999874e-01 -9.715880000000000072e-01 7.446340000000000181e-01 1.000000000000000000e+00
3.420511100000000226e+01 3.800568000000000168e+00 6.421430000000000193e-01 6.421430000000000193e-01 5.137140000000000040e-01 2.692794000000000132e+00 3.590392000000000028e+00 0.000000000000000000e+00
3.308432200000000023e+01 8.148846000000000700e+00 8.990000000000000213e-01 8.990000000000000213e-01 3.852860000000000174e-01 8.975980000000000070e-01 8.975980000000000070e-01 0.000000000000000000e+00
5.315743700000000160e+01 5.968899000000000399e+00 6.892770000000000286e-01 6.937849999999999850e-01 6.641759999999999886e-01 1.367336000000000107e+00 -2.927229000000000081e+00 0.000000000000000000e+00
4.553467700000000207e+01 5.059408999999999601e+00 8.990000000000000213e-01 8.990000000000000213e-01 2.568570000000000020e-01 2.243994999999999962e+00 4.487989999999999924e+00 0.000000000000000000e+00
5.212891299999999717e+01 5.792100999999999722e+00 8.990000000000000213e-01 8.990000000000000213e-01 3.852860000000000174e-01 8.975980000000000070e-01 0.000000000000000000e+00 0.000000000000000000e+00
3.844242799999999960e+01 5.727616000000000263e+00 8.990000000000000213e-01 8.990000000000000213e-01 3.852860000000000174e-01 8.975980000000000070e-01 8.975980000000000070e-01 0.000000000000000000e+00
5.537335699999999861e+01 6.235332999999999792e+00 7.600959999999999939e-01 8.304099999999999815e-01 5.557889999999999775e-01 3.264360000000000039e-01 -2.921625999999999834e+00 0.000000000000000000e+00
2.664821500000000043e+01 6.563597999999999821e+00 8.990000000000000213e-01 8.990000000000000213e-01 3.852860000000000174e-01 8.975980000000000070e-01 3.590392000000000028e+00 0.000000000000000000e+00
2.889920100000000147e+01 7.118027999999999800e+00 8.990000000000000213e-01 8.990000000000000213e-01 3.852860000000000174e-01 1.795196000000000014e+00 1.795196000000000014e+00 0.000000000000000000e+00
3.227457900000000279e+01 4.808656000000000041e+00 8.990000000000000213e-01 8.990000000000000213e-01 3.852860000000000174e-01 8.975980000000000070e-01 3.590392000000000028e+00 0.000000000000000000e+00
3.544811099999999726e+01 5.281487000000000265e+00 8.990000000000000213e-01 8.990000000000000213e-01 3.852860000000000174e-01 2.243994999999999962e+00 3.590392000000000028e+00 0.000000000000000000e+00
3.822892099999999971e+01 4.247658000000000378e+00 8.990000000000000213e-01 8.990000000000000213e-01 2.568570000000000020e-01 1.795196000000000014e+00 4.487989999999999924e+00 0.000000000000000000e+00
1.901282300000000092e+01 5.942924999999999791e+00 8.990000000000000213e-01 8.990000000000000213e-01 3.852860000000000174e-01 8.975980000000000070e-01 1.795196000000000014e+00 0.000000000000000000e+00
3.420511100000000226e+01 3.800568000000000168e+00 3.852860000000000174e-01 3.852860000000000174e-01 8.990000000000000213e-01 8.975980000000000070e-01 2.692794000000000132e+00 0.000000000000000000e+00
5.090293700000000143e+01 5.723107999999999862e+00 6.829450000000000243e-01 8.796190000000000397e-01 6.709749999999999881e-01 -8.552319999999999922e-01 -3.092979000000000145e+00 1.000000000000000000e+00
2.371942500000000109e+01 9.509947999999999624e+00 8.990000000000000213e-01 8.990000000000000213e-01 3.852860000000000174e-01 2.243994999999999962e+00 5.385587000000000124e+00 0.000000000000000000e+00
4.890597700000000003e+01 5.433996999999999744e+00 6.421430000000000193e-01 6.421430000000000193e-01 6.421430000000000193e-01 2.243994999999999962e+00 3.590392000000000028e+00 0.000000000000000000e+00
3.103884199999999893e+01 7.645032999999999745e+00 8.990000000000000213e-01 8.990000000000000213e-01 3.852860000000000174e-01 8.975980000000000070e-01 6.283184999999999576e+00 0.000000000000000000e+00
5.522409900000000249e+01 6.136010999999999882e+00 3.852860000000000174e-01 3.852860000000000174e-01 8.990000000000000213e-01 2.243994999999999962e+00 1.795196000000000014e+00 0.000000000000000000e+00
2.170873800000000031e+01 5.346979000000000148e+00 8.990000000000000213e-01 8.990000000000000213e-01 1.284289999999999876e-01 8.975980000000000070e-01 4.487989999999999924e+00 0.000000000000000000e+00
2.518956000000000017e+01 3.753044000000000047e+00 8.990000000000000213e-01 8.990000000000000213e-01 1.284289999999999876e-01 2.243994999999999962e+00 8.975980000000000070e-01 0.000000000000000000e+00
5.407890100000000189e+01 6.058800999999999881e+00 6.944240000000000412e-01 7.252939999999999943e-01 6.517669999999999852e-01 2.655072000000000099e+00 -1.598848000000000047e+00 0.000000000000000000e+00
3.793868899999999655e+01 7.330875999999999948e+00 8.990000000000000213e-01 8.990000000000000213e-01 3.852860000000000174e-01 8.975980000000000070e-01 2.692794000000000132e+00 0.000000000000000000e+00
5.522409900000000249e+01 6.136010999999999882e+00 6.421430000000000193e-01 6.421430000000000193e-01 5.137140000000000040e-01 2.692794000000000132e+00 1.795196000000000014e+00 0.000000000000000000e+00
5.377927199999999885e+01 6.069348999999999883e+00 7.767960000000000420e-01 7.443220000000000391e-01 5.556950000000000500e-01 2.904084000000000110e+00 7.068910000000000471e-01 0.000000000000000000e+00
5.212891299999999717e+01 5.792100999999999722e+00 8.990000000000000213e-01 8.990000000000000213e-01 2.568570000000000020e-01 2.243994999999999962e+00 8.975980000000000070e-01 0.000000000000000000e+00
4.553467700000000207e+01 5.059408999999999601e+00 -1.284289999999999876e-01 -1.284289999999999876e-01 8.990000000000000213e-01 3.141592999999999858e+00 3.590392000000000028e+00 0.000000000000000000e+00
1.743223300000000009e+01 9.337751000000000801e+00 8.990000000000000213e-01 8.990000000000000213e-01 3.852860000000000174e-01 2.243994999999999962e+00 2.692794000000000132e+00 0.000000000000000000e+00
4.019132199999999955e+01 7.766151999999999944e+00 8.990000000000000213e-01 8.990000000000000213e-01 3.852860000000000174e-01 2.243994999999999962e+00 8.975980000000000070e-01 0.000000000000000000e+00
4.890597700000000003e+01 5.433996999999999744e+00 8.990000000000000213e-01 8.990000000000000213e-01 2.568570000000000020e-01 8.975980000000000070e-01 2.692794000000000132e+00 0.000000000000000000e+00
2.426250299999999882e+01 5.975984999999999658e+00 8.990000000000000213e-01 8.990000000000000213e-01 2.568570000000000020e-01 2.243994999999999962e+00 8.975980000000000070e-01 0.000000000000000000e+00
3.559308200000000255e+01 6.877635999999999861e+00 8.990000000000000213e-01 8.990000000000000213e-01 3.852860000000000174e-01 8.975980000000000070e-01 1.795196000000000014e+00 0.000000000000000000e+00
4.198793899999999724e+01 4.665326999999999558e+00 3.852860000000000174e-01 3.852860000000000174e-01 8.990000000000000213e-01 2.243994999999999962e+00 8.975980000000000070e-01 0.000000000000000000e+00
3.055823099999999926e+01 5.904753999999999614e+00 8.990000000000000213e-01 8.990000000000000213e-01 3.852860000000000174e-01 2.243994999999999962e+00 3.590392000000000028e+00 0.000000000000000000e+00
3.544811099999999726e+01 5.281487000000000265e+00 8.990000000000000213e-01 8.990000000000000213e-01 2.568570000000000020e-01 2.243994999999999962e+00 4.487989999999999924e+00 0.000000000000000000e+00
4.553467700000000207e+01 5.059408999999999601e+00 3.852860000000000174e-01 3.852860000000000174e-01 8.990000000000000213e-01 1.795196000000000014e+00 8.975980000000000070e-01 0.000000000000000000e+00
2.489399799999999985e+01 4.810255999999999865e+00 8.990000000000000213e-01 8.990000000000000213e-01 2.568570000000000020e-01 2.243994999999999962e+00 1.795196000000000014e+00 0.000000000000000000e+00
4.890597700000000003e+01 5.433996999999999744e+00 3.852860000000000174e-01 3.852860000000000174e-01 8.990000000000000213e-01 8.975980000000000070e-01 4.487989999999999924e+00 0.000000000000000000e+00
3.822892099999999971e+01 4.247658000000000378e+00 6.421430000000000193e-01 6.421430000000000193e-01 6.421430000000000193e-01 4.487990000000000035e-01 4.487989999999999924e+00 0.000000000000000000e+00
1.568872600000000084e+01 1.568872600000000084e+01 8.990000000000000213e-01 8.990000000000000213e-01 3.852860000000000174e-01 2.243994999999999962e+00 4.487989999999999924e+00 0.000000000000000000e+00
5.444640400000000113e+01 6.086553999999999576e+00 7.441879999999999606e-01 8.055299999999999683e-01 5.827679999999999527e-01 1.774745000000000017e+00 -7.988469999999999738e-01 0.000000000000000000e+00
5.212891299999999717e+01 5.792100999999999722e+00 -1.284289999999999876e-01 -1.284289999999999876e-01 8.990000000000000213e-01 2.692794000000000132e+00 8.975980000000000070e-01 0.000000000000000000e+00
4.662267500000000098e+01 6.946407999999999916e+00 8.990000000000000213e-01 8.990000000000000213e-01 3.852860000000000174e-01 1.346397000000000066e+00 4.487989999999999924e+00 0.000000000000000000e+00
1.893632099999999951e+01 4.664117000000000068e+00 3.852860000000000174e-01 3.852860000000000174e-01 8.990000000000000213e-01 1.346397000000000066e+00 2.692794000000000132e+00 0.000000000000000000e+00
5.212891299999999717e+01 5.792100999999999722e+00 1.284289999999999876e-01 1.284289999999999876e-01 8.990000000000000213e-01 8.975980000000000070e-01 8.975980000000000070e-01 0.000000000000000000e+00
5.522409900000000249e+01 6.136010999999999882e+00 -1.284289999999999876e-01 -1.284289999999999876e-01 8.990000000000000213e-01 4.487990000000000035e-01 5.385587000000000124e+00 0.000000000000000000e+00
5.522409900000000249e+01 6.136010999999999882e+00 8.990000000000000213e-01 8.990000000000000213e-01 2.568570000000000020e-01 2.243994999999999962e+00 1.795196000000000014e+00 0.000000000000000000e+00
3.844242799999999960e+01 5.727616000000000263e+00 3.852860000000000174e-01 3.852860000000000174e-01 8.990000000000000213e-01 1.795196000000000014e+00 4.487989999999999924e+00 0.000000000000000000e+00
2.782246999999999915e+01 5.376123999999999903e+00 3.852860000000000174e-01 3.852860000000000174e-01 8.990000000000000213e-01 1.346397000000000066e+00 8.975980000000000070e-01 0.000000000000000000e+00
1.893632099999999951e+01 4.664117000000000068e+00 8.990000000000000213e-01 8.990000000000000213e-01 1.284289999999999876e-01 2.243994999999999962e+00 3.590392000000000028e+00 0.000000000000000000e+00
2.983678499999999900e+01 3.315198000000000089e+00 8.990000000000000213e-01 8.990000000000000213e-01 3.852860000000000174e-01 2.243994999999999962e+00 4.487989999999999924e+00 0.000000000000000000e+00
2.489399799999999985e+01 4.810255999999999865e+00 3.852860000000000174e-01 3.852860000000000174e-01 8.990000000000000213e-01 1.795196000000000014e+00 2.692794000000000132e+00 0.000000000000000000e+00
2.887749700000000175e+01 4.302518000000000065e+00 3.852860000000000174e-01 3.852860000000000174e-01 8.990000000000000213e-01 1.346397000000000066e+00 4.487989999999999924e+00 0.000000000000000000e+00
2.124944699999999997e+01 6.642037000000000191e+00 8.990000000000000213e-01 8.990000000000000213e-01 2.568570000000000020e-01 8.975980000000000070e-01 5.385587000000000124e+00 0.000000000000000000e+00
2.208434300000000050e+01 8.854385999999999868e+00 8.990000000000000213e-01 8.990000000000000213e-01 3.852860000000000174e-01 2.243994999999999962e+00 4.487989999999999924e+00 0.000000000000000000e+00
5.382205900000000298e+01 6.108151999999999582e+00 6.968790000000000262e-01 7.924179999999999557e-01 6.588789999999999925e-01 -1.953410000000000091e+00 -2.124270999999999798e+00 1.000000000000000000e+00
3.559308200000000255e+01 6.877635999999999861e+00 3.852860000000000174e-01 3.852860000000000174e-01 8.990000000000000213e-01 1.795196000000000014e+00 8.975980000000000070e-01 0.000000000000000000e+00
4.890597700000000003e+01 5.433996999999999744e+00 1.284289999999999876e-01 1.284289999999999876e-01 8.990000000000000213e-01 2.243994999999999962e+00 4.487989999999999924e+00 0.000000000000000000e+00
5.522409900000000249e+01 6.136010999999999882e+00 -1.284289999999999876e-01 -1.284289999999999876e-01 7.705710000000000059e-01 8.975980000000000070e-01 2.692794000000000132e+00 0.000000000000000000e+00
1.658470000000000155e+01 5.183956000000000230e+00 6.421430000000000193e-01 6.421430000000000193e-01 6.421430000000000193e-01 1.795196000000000014e+00 8.975980000000000070e-01 0.000000000000000000e+00
3.504872399999999999e+01 8.632688999999999169e+00 8.990000000000000213e-01 8.990000000000000213e-01 3.852860000000000174e-01 1.795196000000000014e+00 1.795196000000000014e+00 0.000000000000000000e+00
4.400957900000000222e+01 6.557076999999999600e+00 -3.852860000000000174e-01 -3.852860000000000174e-01 8.990000000000000213e-01 4.487990000000000035e-01 5.385587000000000124e+00 0.000000000000000000e+00
3.313949699999999865e+01 6.403531000000000084e+00 3.852860000000000174e-01 3.852860000000000174e-01 8.990000000000000213e-01 1.795196000000000014e+00 0.000000000000000000e+00 0.000000000000000000e+00
5.212891299999999717e+01 5.792100999999999722e+00 6.421430000000000193e-01 6.421430000000000193e-01 6.421430000000000193e-01 2.243994999999999962e+00 2.692794000000000132e+00 0.000000000000000000e+00
3.227457900000000279e+01 4.808656000000000041e+00 8.990000000000000213e-01 8.990000000000000213e-01 2.568570000000000020e-01 8.975980000000000070e-01 0.000000000000000000e+00 0.000000000000000000e+00
4.128863100000000230e+01 6.151678000000000424e+00 3.852860000000000174e-01 3.852860000000000174e-01 8.990000000000000213e-01 1.795196000000000014e+00 5.385587000000000124e+00 0.000000000000000000e+00
4.019132199999999955e+01 7.766151999999999944e+00 -3.852860000000000174e-01 -3.852860000000000174e-01 8.990000000000000213e-01 8.975980000000000070e-01 2.692794000000000132e+00 0.000000000000000000e+00
1.901282300000000092e+01 5.942924999999999791e+00 8.990000000000000213e-01 8.990000000000000213e-01 1.284289999999999876e-01 2.243994999999999962e+00 8.975980000000000070e-01 0.000000000000000000e+00
3.793868899999999655e+01 7.330875999999999948e+00 8.990000000000000213e-01 8.990000000000000213e-01 2.568570000000000020e-01 2.243994999999999962e+00 1.795196000000000014e+00 0.000000000000000000e+00
4.400957900000000222e+01 6.557076999999999600e+00 3.852860000000000174e-01 3.852860000000000174e-01 8.990000000000000213e-01 1.795196000000000014e+00 5.385587000000000124e+00 0.000000000000000000e+00
2.889920100000000147e+01 7.118027999999999800e+00 3.852860000000000174e-01 3.852860000000000174e-01 8.990000000000000213e-01 1.346397000000000066e+00 1.795196000000000014e+00 0.000000000000000000e+00
4.198793899999999724e+01 4.665326999999999558e+00 -1.284289999999999876e-01 -1.284289999999999876e-01 8.990000000000000213e-01 4.487990000000000035e-01 6.283184999999999576e+00 0.000000000000000000e+00
