29.83678500000000 3.31519800000000 -0.89900000000000 -0.89900000000000 0.00000000000000 0.00000000000000 0.00000000000000 0.00000000000000
30.55823100000000 5.90475400000000 -0.64214300000000 -0.64214300000000 0.12842900000000 2.24399500000000 4.48799000000000 0.00000000000000
25.18956000000000 3.75304400000000 0.38528600000000 0.38528600000000 0.89900000000000 1.79519600000000 2.69279400000000 0.00000000000000
16.58470000000000 5.18395600000000 -0.64214300000000 -0.64214300000000 0.51371400000000 0.89759800000000 3.59039200000000 0.00000000000000
45.53467700000000 5.05940900000000 -0.38528600000000 -0.38528600000000 0.25685700000000 1.34639700000000 1.79519600000000 0.00000000000000
29.83678500000000 3.31519800000000 0.89900000000000 0.89900000000000 0.38528600000000 0.44879900000000 4.48799000000000 0.00000000000000
16.58470000000000 5.18395600000000 -0.89900000000000 -0.89900000000000 0.12842900000000 0.89759800000000 6.28318500000000 0.00000000000000
52.12891300000000 5.79210100000000 -0.38528600000000 -0.38528600000000 0.12842900000000 1.34639700000000 0.89759800000000 0.00000000000000
32.27457900000000 4.80865600000000 -0.64214300000000 -0.64214300000000 0.25685700000000 1.79519600000000 3.59039200000000 0.00000000000000
16.58470000000000 5.18395600000000 0.38528600000000 0.38528600000000 0.89900000000000 2.24399500000000 1.79519600000000 0.00000000000000
18.93632100000000 4.66411700000000 -0.89900000000000 -0.89900000000000 0.12842900000000 1.34639700000000 6.28318500000000 0.00000000000000
25.18956000000000 3.75304400000000 -0.64214300000000 -0.64214300000000 0.12842900000000 1.79519600000000 5.38558700000000 0.00000000000000
55.22409900000000 6.13601100000000 -0.38528600000000 -0.38528600000000 0.12842900000000 1.79519600000000 3.59039200000000 0.00000000000000
14.47085700000000 5.80187300000000 -0.64214300000000 -0.64214300000000 0.38528600000000 1.79519600000000 5.38558700000000 0.00000000000000
8.97968300000000 8.97968300000000 0.89900000000000 0.89900000000000 0.38528600000000 0.89759800000000 0.00000000000000 0.00000000000000
24.26250300000000 5.97598500000000 -0.64214300000000 -0.64214300000000 0.38528600000000 1.34639700000000 1.79519600000000 0.00000000000000
21.71479200000000 4.19594000000000 -0.12842900000000 -0.12842900000000 0.51371400000000 2.69279400000000 2.69279400000000 0.00000000000000
38.44242800000000 5.72761600000000 -0.38528600000000 -0.38528600000000 0.25685700000000 0.89759800000000 0.89759800000000 0.00000000000000
52.12891300000000 5.79210100000000 -0.89900000000000 -0.89900000000000 0.00000000000000 0.00000000000000 1.79519600000000 0.00000000000000
21.71479200000000 4.19594000000000 0.12842900000000 0.12842900000000 0.38528600000000 2.69279400000000 3.59039200000000 0.00000000000000
25.18956000000000 3.75304400000000 -0.89900000000000 -0.89900000000000 0.25685700000000 1.79519600000000 3.59039200000000 0.00000000000000
18.93632100000000 4.66411700000000 0.64214300000000 0.64214300000000 0.51371400000000 1.79519600000000 1.79519600000000 0.00000000000000
24.26250300000000 5.97598500000000 -0.89900000000000 -0.89900000000000 0.38528600000000 2.69279400000000 4.48799000000000 0.00000000000000
55.22409900000000 6.13601100000000 0.12842900000000 0.12842900000000 0.77057100000000 2.69279400000000 5.38558700000000 0.00000000000000
38.22892100000000 4.24765800000000 0.12842900000000 0.12842900000000 0.64214300000000 1.34639700000000 5.38558700000000 0.00000000000000
18.93632100000000 4.66411700000000 -0.89900000000000 -0.89900000000000 0.38528600000000 2.69279400000000 1.79519600000000 0.00000000000000
12.38740900000000 6.63544000000000 -0.64214300000000 -0.64214300000000 0.64214300000000 0.44879900000000 2.69279400000000 0.00000000000000
29.83678500000000 3.31519800000000 0.89900000000000 0.89900000000000 0.12842900000000 2.24399500000000 5.38558700000000 0.00000000000000
41.28863100000000 6.15167800000000 -0.38528600000000 -0.38528600000000 0.38528600000000 1.79519600000000 2.69279400000000 0.00000000000000
18.93632100000000 4.66411700000000 0.12842900000000 0.12842900000000 0.89900000000000 2.69279400000000 0.89759800000000 0.00000000000000
14.47085700000000 5.80187300000000 -0.89900000000000 -0.89900000000000 0.38528600000000 0.89759800000000 6.28318500000000 0.00000000000000
29.83678500000000 3.31519800000000 -0.89900000000000 -0.89900000000000 0.25685700000000 1.34639700000000 0.89759800000000 0.00000000000000
35.44811100000000 5.28148700000000 -0.64214300000000 -0.64214300000000 0.38528600000000 0.89759800000000 6.28318500000000 0.00000000000000
37.93868900000000 7.33087600000000 -0.64214300000000 -0.64214300000000 0.38528600000000 1.34639700000000 0.89759800000000 0.00000000000000
34.20511100000000 3.80056800000000 -0.38528600000000 -0.38528600000000 0.12842900000000 2.69279400000000 5.38558700000000 0.00000000000000
32.27457900000000 4.80865600000000 -0.89900000000000 -0.89900000000000 0.25685700000000 1.34639700000000 1.79519600000000 0.00000000000000
25.18956000000000 3.75304400000000 -0.38528600000000 -0.38528600000000 0.38528600000000 0.00000000000000 3.59039200000000 0.00000000000000
29.83678500000000 3.31519800000000 0.64214300000000 0.64214300000000 0.00000000000000 0.44879900000000 4.48799000000000 0.00000000000000
35.04872400000000 8.63268900000000 -0.89900000000000 -0.89900000000000 0.38528600000000 0.89759800000000 2.69279400000000 0.00000000000000
38.22892100000000 4.24765800000000 -0.12842900000000 -0.12842900000000 0.38528600000000 1.79519600000000 4.48799000000000 0.00000000000000
28.89920100000000 7.11802800000000 -0.89900000000000 -0.89900000000000 0.38528600000000 0.44879900000000 0.89759800000000 0.00000000000000
29.83678500000000 3.31519800000000 -0.64214300000000 -0.64214300000000 0.25685700000000 0.44879900000000 5.38558700000000 0.00000000000000
29.83678500000000 3.31519800000000 0.89900000000000 0.89900000000000 0.25685700000000 2.24399500000000 2.69279400000000 0.00000000000000
12.38740900000000 6.63544000000000 -0.38528600000000 -0.38528600000000 0.64214300000000 0.44879900000000 5.38558700000000 0.00000000000000
41.98793900000000 4.66532700000000 -0.38528600000000 -0.38528600000000 0.25685700000000 2.69279400000000 4.48799000000000 0.00000000000000
32.27457900000000 4.80865600000000 -0.12842900000000 -0.12842900000000 0.12842900000000 2.69279400000000 2.69279400000000 0.00000000000000
21.71479200000000 4.19594000000000 -0.64214300000000 -0.64214300000000 0.25685700000000 2.69279400000000 1.79519600000000 0.00000000000000
12.38740900000000 6.63544000000000 -0.12842900000000 -0.12842900000000 0.64214300000000 0.00000000000000 6.28318500000000 0.00000000000000
55.22409900000000 6.13601100000000 -0.89900000000000 -0.89900000000000 0.00000000000000 2.69279400000000 4.48799000000000 0.00000000000000
21.71479200000000 4.19594000000000 0.89900000000000 0.89900000000000 0.12842900000000 2.24399500000000 0.89759800000000 0.00000000000000
25.18956000000000 3.75304400000000 0.38528600000000 0.38528600000000 0.12842900000000 1.34639700000000 1.79519600000000 0.00000000000000
16.58470000000000 5.18395600000000 -0.12842900000000 -0.12842900000000 0.51371400000000 0.89759800000000 0.00000000000000 0.00000000000000
24.89399800000000 4.81025600000000 -0.64214300000000 -0.64214300000000 0.12842900000000 2.24399500000000 0.89759800000000 0.00000000000000
18.93632100000000 4.66411700000000 0.38528600000000 0.38528600000000 0.12842900000000 0.89759800000000 2.69279400000000 0.00000000000000
38.22892100000000 4.24765800000000 0.12842900000000 0.12842900000000 0.77057100000000 0.44879900000000 2.69279400000000 0.00000000000000
33.08432200000000 8.14884600000000 -0.89900000000000 -0.89900000000000 0.38528600000000 0.89759800000000 2.69279400000000 0.00000000000000
24.26250300000000 5.97598500000000 -0.89900000000000 -0.89900000000000 0.38528600000000 1.34639700000000 2.69279400000000 0.00000000000000
21.71479200000000 4.19594000000000 -0.89900000000000 -0.89900000000000 0.12842900000000 2.69279400000000 0.89759800000000 0.00000000000000
46.62267500000000 6.94640800000000 -0.89900000000000 -0.89900000000000 0.25685700000000 2.24399500000000 4.48799000000000 0.00000000000000
31.03884200000000 7.64503300000000 -0.64214300000000 -0.64214300000000 0.51371400000000 1.34639700000000 3.59039200000000 0.00000000000000
14.47085700000000 5.80187300000000 -0.38528600000000 -0.38528600000000 0.25685700000000 2.24399500000000 5.38558700000000 0.00000000000000
25.18956000000000 3.75304400000000 0.64214300000000 0.64214300000000 0.12842900000000 2.24399500000000 5.38558700000000 0.00000000000000
32.27457900000000 4.80865600000000 -0.89900000000000 -0.89900000000000 0.38528600000000 0.44879900000000 0.89759800000000 0.00000000000000
16.58470000000000 5.18395600000000 -0.64214300000000 -0.64214300000000 0.12842900000000 2.24399500000000 3.59039200000000 0.00000000000000
34.20511100000000 3.80056800000000 0.12842900000000 0.12842900000000 0.77057100000000 2.24399500000000 0.00000000000000 0.00000000000000
29.83678500000000 3.31519800000000 0.64214300000000 0.64214300000000 0.51371400000000 2.69279400000000 1.79519600000000 0.00000000000000
31.03884200000000 7.64503300000000 -0.89900000000000 -0.89900000000000 0.38528600000000 1.34639700000000 1.79519600000000 0.00000000000000
38.22892100000000 4.24765800000000 -0.12842900000000 -0.12842900000000 0.38528600000000 0.89759800000000 6.28318500000000 0.00000000000000
18.93632100000000 4.66411700000000 -0.38528600000000 -0.38528600000000 0.64214300000000 2.24399500000000 3.59039200000000 0.00000000000000
25.18956000000000 3.75304400000000 0.38528600000000 0.38528600000000 0.89900000000000 1.79519600000000 0.89759800000000 0.00000000000000
34.20511100000000 3.80056800000000 -0.12842900000000 -0.12842900000000 0.89900000000000 2.24399500000000 2.69279400000000 0.00000000000000
21.71479200000000 4.19594000000000 -0.89900000000000 -0.89900000000000 0.38528600000000 2.69279400000000 1.79519600000000 0.00000000000000
45.53467700000000 5.05940900000000 0.12842900000000 0.12842900000000 0.77057100000000 0.89759800000000 5.38558700000000 0.00000000000000
46.62267500000000 6.94640800000000 -0.89900000000000 -0.89900000000000 0.00000000000000 3.14159300000000 0.89759800000000 0.00000000000000
16.58470000000000 5.18395600000000 0.38528600000000 0.38528600000000 0.00000000000000 1.79519600000000 2.69279400000000 0.00000000000000
29.83678500000000 3.31519800000000 0.89900000000000 0.89900000000000 0.00000000000000 1.79519600000000 5.38558700000000 0.00000000000000
29.83678500000000 3.31519800000000 -0.38528600000000 -0.38528600000000 0.12842900000000 0.44879900000000 4.48799000000000 0.00000000000000
38.22892100000000 4.24765800000000 -0.12842900000000 -0.12842900000000 0.12842900000000 0.89759800000000 4.48799000000000 0.00000000000000
21.70873800000000 5.34697900000000 -0.64214300000000 -0.64214300000000 0.51371400000000 1.34639700000000 2.69279400000000 0.00000000000000
8.97968300000000 8.97968300000000 0.64214300000000 0.64214300000000 0.64214300000000 1.79519600000000 2.69279400000000 0.00000000000000
21.71479200000000 4.19594000000000 -0.38528600000000 -0.38528600000000 0.64214300000000 0.00000000000000 3.59039200000000 0.00000000000000
25.18956000000000 3.75304400000000 0.89900000000000 0.89900000000000 0.38528600000000 0.00000000000000 5.38558700000000 0.00000000000000
21.71479200000000 4.19594000000000 0.64214300000000 0.64214300000000 0.12842900000000 2.69279400000000 0.00000000000000 0.00000000000000
21.71479200000000 4.19594000000000 0.38528600000000 0.38528600000000 0.38528600000000 3.14159300000000 3.59039200000000 0.00000000000000
38.22892100000000 4.24765800000000 0.12842900000000 0.12842900000000 0.64214300000000 1.34639700000000 0.89759800000000 0.00000000000000
16.58470000000000 5.18395600000000 -0.89900000000000 -0.89900000000000 0.38528600000000 0.89759800000000 4.48799000000000 0.00000000000000
21.71479200000000 4.19594000000000 0.12842900000000 0.12842900000000 0.77057100000000 2.69279400000000 5.38558700000000 0.00000000000000
27.18426200000000 8.49710900000000 -0.89900000000000 -0.89900000000000 0.38528600000000 0.89759800000000 4.48799000000000 0.00000000000000
55.22409900000000 6.13601100000000 -0.38528600000000 -0.38528600000000 0.89900000000000 3.14159300000000 0.89759800000000 0.00000000000000
55.22409900000000 6.13601100000000 0.12842900000000 0.12842900000000 0.89900000000000 0.89759800000000 2.69279400000000 0.00000000000000
16.58470000000000 5.18395600000000 0.89900000000000 0.89900000000000 0.25685700000000 0.89759800000000 5.38558700000000 0.00000000000000
29.83678500000000 3.31519800000000 -0.89900000000000 -0.89900000000000 0.38528600000000 1.79519600000000 0.00000000000000 0.00000000000000
55.22409900000000 6.13601100000000 -0.38528600000000 -0.38528600000000 0.77057100000000 3.14159300000000 1.79519600000000 0.00000000000000
55.22409900000000 6.13601100000000 -0.89900000000000 -0.89900000000000 0.38528600000000 1.79519600000000 1.79519600000000 0.00000000000000
21.70873800000000 5.34697900000000 -0.89900000000000 -0.89900000000000 0.25685700000000 2.24399500000000 0.89759800000000 0.00000000000000
30.13813900000000 3.40315800000000 0.85426700000000 0.52421400000000 0.43397300000000 0.93349800000000 1.40022200000000 0.00000000000000
29.92683500000000 3.42895800000000 0.85248500000000 0.20236200000000 0.43478400000000 -1.96418100000000 -0.38277800000000 0.00000000000000
45.53467700000000 5.05940900000000 0.12842900000000 0.12842900000000 0.89900000000000 2.24399500000000 0.89759800000000 0.00000000000000
52.12891300000000 5.79210100000000 0.12842900000000 0.12842900000000 0.89900000000000 2.69279400000000 6.28318500000000 0.00000000000000
52.12891300000000 5.79210100000000 -0.38528600000000 -0.38528600000000 0.77057100000000 0.00000000000000 0.89759800000000 0.00000000000000
41.98793900000000 4.66532700000000 0.12842900000000 0.12842900000000 0.89900000000000 0.89759800000000 4.48799000000000 0.00000000000000
29.83678500000000 3.31519800000000 0.64214300000000 0.64214300000000 0.64214300000000 0.44879900000000 0.89759800000000 0.00000000000000
21.71479200000000 4.19594000000000 -0.89900000000000 -0.89900000000000 0.25685700000000 2.69279400000000 0.89759800000000 0.00000000000000
29.77061600000000 3.51004500000000 0.84782500000000 0.72348500000000 0.44880700000000 2.07554700000000 -2.97379400000000 0.00000000000000
38.22892100000000 4.24765800000000 0.12842900000000 0.12842900000000 0.89900000000000 0.89759800000000 4.48799000000000 0.00000000000000
48.90597700000000 5.43399700000000 -0.38528600000000 -0.38528600000000 0.77057100000000 0.00000000000000 5.38558700000000 0.00000000000000
25.18956000000000 3.75304400000000 0.64214300000000 0.64214300000000 0.64214300000000 2.69279400000000 2.69279400000000 0.00000000000000
48.90597700000000 5.43399700000000 0.12842900000000 0.12842900000000 0.89900000000000 0.44879900000000 3.59039200000000 0.00000000000000
21.71479200000000 4.19594000000000 0.89900000000000 0.89900000000000 0.25685700000000 0.89759800000000 1.79519600000000 0.00000000000000
55.22409900000000 6.13601100000000 -0.64214300000000 -0.64214300000000 0.64214300000000 0.00000000000000 2.69279400000000 0.00000000000000
55.22409900000000 6.13601100000000 0.12842900000000 0.12842900000000 0.89900000000000 0.44879900000000 0.89759800000000 0.00000000000000
31.85309200000000 3.58304500000000 0.76770900000000 0.70659500000000 0.56520100000000 0.24620200000000 -2.09294900000000 1.00000000000000
48.90597700000000 5.43399700000000 -0.38528600000000 -0.38528600000000 0.64214300000000 0.00000000000000 3.59039200000000 0.00000000000000
24.89399800000000 4.81025600000000 -0.12842900000000 -0.12842900000000 0.51371400000000 1.34639700000000 4.48799000000000 0.00000000000000
55.22409900000000 6.13601100000000 -0.64214300000000 -0.64214300000000 0.64214300000000 3.14159300000000 1.79519600000000 0.00000000000000
26.82855800000000 3.95552400000000 0.79646800000000 0.81537700000000 0.60256800000000 -2.39206700000000 -2.16355300000000 1.00000000000000
45.53467700000000 5.05940900000000 0.12842900000000 0.12842900000000 0.89900000000000 0.89759800000000 1.79519600000000 0.00000000000000
41.98793900000000 4.66532700000000 0.89900000000000 0.89900000000000 0.38528600000000 0.89759800000000 0.89759800000000 0.00000000000000
29.43609200000000 3.48039800000000 0.78742400000000 0.78203500000000 0.54121400000000 -0.79762300000000 2.82250100000000 1.00000000000000
55.22409900000000 6.13601100000000 0.12842900000000 0.12842900000000 0.77057100000000 0.89759800000000 4.48799000000000 0.00000000000000
52.12891300000000 5.79210100000000 -0.64214300000000 -0.64214300000000 0.64214300000000 0.00000000000000 2.69279400000000 0.00000000000000
43.05364900000000 4.79836600000000 0.72822600000000 0.88699800000000 0.61102300000000 -0.31994600000000 1.32914000000000 1.00000000000000
41.28863100000000 6.15167800000000 0.89900000000000 0.89900000000000 0.38528600000000 2.24399500000000 1.79519600000000 0.00000000000000
52.12891300000000 5.79210100000000 -0.38528600000000 -0.38528600000000 0.51371400000000 0.00000000000000 1.79519600000000 0.00000000000000
29.86625000000000 3.41079900000000 0.82578700000000 0.71169900000000 0.40701700000000 1.45958100000000 -1.57458600000000 0.00000000000000
55.22409900000000 6.13601100000000 -0.12842900000000 -0.12842900000000 0.89900000000000 0.44879900000000 4.48799000000000 0.00000000000000
21.71479200000000 4.19594000000000 0.89900000000000 0.89900000000000 0.38528600000000 2.24399500000000 5.38558700000000 0.00000000000000
47.10673400000000 5.37932600000000 0.77550200000000 0.86665200000000 0.55849900000000 -2.43395900000000 -0.41338400000000 0.00000000000000
31.36208100000000 3.56955200000000 0.84556600000000 0.72024900000000 0.44448800000000 -1.91175100000000 -2.82839700000000 0.00000000000000
34.20511100000000 3.80056800000000 0.12842900000000 0.12842900000000 0.89900000000000 0.89759800000000 4.48799000000000 0.00000000000000
34.20511100000000 3.80056800000000 0.89900000000000 0.89900000000000 0.25685700000000 0.89759800000000 3.59039200000000 0.00000000000000
12.38740900000000 6.63544000000000 0.38528600000000 0.38528600000000 0.25685700000000 2.24399500000000 0.00000000000000 0.00000000000000
38.22892100000000 4.24765800000000 -0.38528600000000 -0.38528600000000 0.89900000000000 3.14159300000000 0.00000000000000 0.00000000000000
34.20511100000000 3.80056800000000 -0.64214300000000 -0.64214300000000 0.64214300000000 0.00000000000000 4.48799000000000 0.00000000000000
55.22409900000000 6.13601100000000 0.89900000000000 0.89900000000000 0.38528600000000 0.89759800000000 2.69279400000000 0.00000000000000
48.90597700000000 5.43399700000000 -0.64214300000000 -0.64214300000000 0.64214300000000 0.00000000000000 4.48799000000000 0.00000000000000
29.83678500000000 3.31519800000000 0.64214300000000 0.64214300000000 0.38528600000000 0.44879900000000 2.69279400000000 0.00000000000000
18.54104700000000 7.43375500000000 0.89900000000000 0.89900000000000 0.38528600000000 0.89759800000000 4.48799000000000 0.00000000000000
48.90597700000000 5.43399700000000 -0.12842900000000 -0.12842900000000 0.89900000000000 0.00000000000000 0.89759800000000 0.00000000000000
55.22409900000000 6.13601100000000 -0.64214300000000 -0.64214300000000 0.51371400000000 0.00000000000000 4.48799000000000 0.00000000000000
14.47085700000000 5.80187300000000 0.89900000000000 0.89900000000000 0.38528600000000 0.89759800000000 0.00000000000000 0.00000000000000
50.49918100000000 5.66051800000000 0.76259100000000 0.71900900000000 0.58232000000000 -2.00040100000000 2.18838000000000 1.00000000000000
38.22892100000000 4.24765800000000 -0.64214300000000 -0.64214300000000 0.64214300000000 0.00000000000000 1.79519600000000 0.00000000000000
38.22892100000000 4.24765800000000 0.38528600000000 0.38528600000000 0.89900000000000 2.69279400000000 6.28318500000000 0.00000000000000
45.53467700000000 5.05940900000000 -0.64214300000000 -0.64214300000000 0.64214300000000 3.14159300000000 0.89759800000000 0.00000000000000
29.83678500000000 3.31519800000000 0.12842900000000 0.12842900000000 0.89900000000000 2.69279400000000 5.38558700000000 0.00000000000000
34.20511100000000 3.80056800000000 0.89900000000000 0.89900000000000 0.38528600000000 0.44879900000000 5.38558700000000 0.00000000000000
29.83678500000000 3.31519800000000 -0.64214300000000 -0.64214300000000 0.64214300000000 3.14159300000000 2.69279400000000 0.00000000000000
41.98793900000000 4.66532700000000 -0.64214300000000 -0.64214300000000 0.64214300000000 0.00000000000000 3.59039200000000 0.00000000000000
27.82247000000000 5.37612400000000 0.89900000000000 0.89900000000000 0.38528600000000 2.24399500000000 0.89759800000000 0.00000000000000
30.75206400000000 3.57975400000000 0.71574400000000 0.87210000000000 0.62057400000000 -1.56472500000000 -2.92841300000000 0.00000000000000
29.83678500000000 3.31519800000000 -0.64214300000000 -0.64214300000000 0.64214300000000 3.14159300000000 1.79519600000000 0.00000000000000
52.12891300000000 5.79210100000000 0.38528600000000 0.38528600000000 0.89900000000000 0.44879900000000 4.48799000000000 0.00000000000000
55.93697200000000 6.21889600000000 0.76449800000000 0.59178200000000 0.57615700000000 2.32486100000000 -2.94423100000000 1.00000000000000
29.43230800000000 3.46475000000000 0.75910500000000 0.75323100000000 0.55501300000000 1.51388300000000 1.44473600000000 0.00000000000000
38.22892100000000 4.24765800000000 -0.64214300000000 -0.64214300000000 0.64214300000000 0.00000000000000 0.89759800000000 0.00000000000000
55.22409900000000 6.13601100000000 -0.64214300000000 -0.64214300000000 0.64214300000000 2.24399500000000 0.89759800000000 0.00000000000000
41.98793900000000 4.66532700000000 0.12842900000000 0.12842900000000 0.89900000000000 0.44879900000000 3.59039200000000 0.00000000000000
38.22892100000000 4.24765800000000 0.89900000000000 0.89900000000000 0.38528600000000 0.89759800000000 4.48799000000000 0.00000000000000
45.53467700000000 5.05940900000000 -0.38528600000000 -0.38528600000000 0.77057100000000 0.00000000000000 2.69279400000000 0.00000000000000
29.83678500000000 3.31519800000000 0.38528600000000 0.38528600000000 0.89900000000000 0.44879900000000 0.89759800000000 0.00000000000000
29.83678500000000 3.31519800000000 -0.12842900000000 -0.12842900000000 0.89900000000000 0.00000000000000 3.59039200000000 0.00000000000000
48.90597700000000 5.43399700000000 -0.64214300000000 -0.64214300000000 0.64214300000000 2.69279400000000 3.59039200000000 0.00000000000000
12.38740900000000 6.63544000000000 -0.64214300000000 -0.64214300000000 0.25685700000000 0.89759800000000 4.48799000000000 0.00000000000000
52.12891300000000 5.79210100000000 -0.64214300000000 -0.64214300000000 0.51371400000000 0.00000000000000 3.59039200000000 0.00000000000000
45.53467700000000 5.05940900000000 -0.64214300000000 -0.64214300000000 0.51371400000000 0.00000000000000 1.79519600000000 0.00000000000000
48.90597700000000 5.43399700000000 -0.64214300000000 -0.64214300000000 0.64214300000000 0.44879900000000 3.59039200000000 0.00000000000000
38.22892100000000 4.24765800000000 -0.64214300000000 -0.64214300000000 0.51371400000000 3.14159300000000 5.38558700000000 0.00000000000000
34.20511100000000 3.80056800000000 -0.64214300000000 -0.64214300000000 0.51371400000000 0.00000000000000 0.89759800000000 0.00000000000000
29.83678500000000 3.31519800000000 0.12842900000000 0.12842900000000 0.89900000000000 0.89759800000000 4.48799000000000 0.00000000000000
48.90597700000000 5.43399700000000 -0.64214300000000 -0.64214300000000 0.51371400000000 3.14159300000000 3.59039200000000 0.00000000000000
21.71479200000000 4.19594000000000 0.38528600000000 0.38528600000000 0.89900000000000 1.79519600000000 0.89759800000000 0.00000000000000
50.21915300000000 5.64794900000000 0.72433100000000 0.83014000000000 0.62300200000000 2.16894000000000 2.37412100000000 1.00000000000000
38.22892100000000 4.24765800000000 -0.12842900000000 -0.12842900000000 0.89900000000000 3.14159300000000 1.79519600000000 0.00000000000000
41.98793900000000 4.66532700000000 -0.64214300000000 -0.64214300000000 0.51371400000000 0.00000000000000 3.59039200000000 0.00000000000000
41.98793900000000 4.66532700000000 -0.64214300000000 -0.64214300000000 0.64214300000000 0.00000000000000 2.69279400000000 0.00000000000000
20.36417300000000 8.16471000000000 0.89900000000000 0.89900000000000 0.38528600000000 2.24399500000000 2.69279400000000 0.00000000000000
29.83678500000000 3.31519800000000 -0.64214300000000 -0.64214300000000 0.51371400000000 0.00000000000000 1.79519600000000 0.00000000000000
55.22409900000000 6.13601100000000 -0.89900000000000 -0.89900000000000 0.38528600000000 1.34639700000000 2.69279400000000 0.00000000000000
28.87749700000000 4.30251800000000 0.89900000000000 0.89900000000000 0.38528600000000 2.24399500000000 6.28318500000000 0.00000000000000
55.22409900000000 6.13601100000000 -0.89900000000000 -0.89900000000000 0.38528600000000 1.34639700000000 3.59039200000000 0.00000000000000
32.38635700000000 3.78171100000000 0.69603100000000 0.87760200000000 0.65786500000000 1.71839800000000 1.57698400000000 0.00000000000000
21.24944700000000 6.64203700000000 0.89900000000000 0.89900000000000 0.38528600000000 2.24399500000000 0.89759800000000 0.00000000000000
34.20511100000000 3.80056800000000 -0.38528600000000 -0.38528600000000 0.89900000000000 0.00000000000000 1.79519600000000 0.00000000000000
53.82205900000000 6.10815200000000 0.69687900000000 0.79241800000000 0.65887900000000 -1.95341000000000 -2.12427100000000 0.00000000000000
27.18426200000000 8.49710900000000 0.89900000000000 0.89900000000000 0.38528600000000 2.24399500000000 4.48799000000000 0.00000000000000
38.22892100000000 4.24765800000000 -0.38528600000000 -0.38528600000000 0.51371400000000 3.14159300000000 5.38558700000000 0.00000000000000
35.04872400000000 8.63268900000000 -0.89900000000000 -0.89900000000000 0.12842900000000 2.69279400000000 0.89759800000000 0.00000000000000
31.03884200000000 7.64503300000000 -0.89900000000000 -0.89900000000000 0.12842900000000 2.24399500000000 5.38558700000000 0.00000000000000
41.98793900000000 4.66532700000000 0.64214300000000 0.64214300000000 0.64214300000000 0.89759800000000 3.59039200000000 0.00000000000000
20.30441100000000 10.87626200000000 0.89900000000000 0.89900000000000 0.38528600000000 0.89759800000000 1.79519600000000 0.00000000000000
33.08432200000000 8.14884600000000 -0.89900000000000 -0.89900000000000 0.12842900000000 2.24399500000000 5.38558700000000 0.00000000000000
52.98896400000000 5.94052700000000 0.75360500000000 0.54932700000000 0.58806000000000 2.63315300000000 1.51751500000000 0.00000000000000
45.53467700000000 5.05940900000000 -0.89900000000000 -0.89900000000000 0.38528600000000 0.00000000000000 4.48799000000000 0.00000000000000
41.28863100000000 6.15167800000000 -0.64214300000000 -0.64214300000000 0.12842900000000 2.69279400000000 0.89759800000000 0.00000000000000
28.89920100000000 7.11802800000000 -0.89900000000000 -0.89900000000000 0.12842900000000 2.24399500000000 5.38558700000000 0.00000000000000
38.44242800000000 5.72761600000000 -0.64214300000000 -0.64214300000000 0.12842900000000 2.69279400000000 0.89759800000000 0.00000000000000
24.26250300000000 5.97598500000000 -0.89900000000000 -0.89900000000000 0.12842900000000 2.24399500000000 5.38558700000000 0.00000000000000
34.20511100000000 3.80056800000000 -0.64214300000000 -0.64214300000000 0.64214300000000 0.00000000000000 3.59039200000000 0.00000000000000
35.44811100000000 5.28148700000000 -0.64214300000000 -0.64214300000000 0.12842900000000 2.69279400000000 0.89759800000000 0.00000000000000
26.64821500000000 6.56359800000000 -0.89900000000000 -0.89900000000000 0.12842900000000 2.24399500000000 5.38558700000000 0.00000000000000
32.27457900000000 4.80865600000000 -0.64214300000000 -0.64214300000000 0.12842900000000 2.69279400000000 0.89759800000000 0.00000000000000
25.18956000000000 3.75304400000000 -0.64214300000000 -0.64214300000000 0.12842900000000 2.69279400000000 0.89759800000000 0.00000000000000
28.87749700000000 4.30251800000000 -0.64214300000000 -0.64214300000000 0.12842900000000 2.69279400000000 0.89759800000000 0.00000000000000
52.12891300000000 5.79210100000000 -0.89900000000000 -0.89900000000000 0.38528600000000 2.69279400000000 0.00000000000000 0.00000000000000
21.70873800000000 5.34697900000000 -0.89900000000000 -0.89900000000000 0.12842900000000 2.24399500000000 5.38558700000000 0.00000000000000
49.32965900000000 5.49455700000000 0.75020400000000 0.45933600000000 0.59700300000000 -2.14916500000000 0.19340300000000 0.00000000000000
27.82247000000000 5.37612400000000 -0.89900000000000 -0.89900000000000 0.12842900000000 0.44879900000000 3.59039200000000 0.00000000000000
18.93632100000000 4.66411700000000 -0.89900000000000 -0.89900000000000 0.12842900000000 0.89759800000000 2.69279400000000 0.00000000000000
24.89399800000000 4.81025600000000 0.12842900000000 0.12842900000000 0.89900000000000 1.79519600000000 1.79519600000000 0.00000000000000
24.26250300000000 5.97598500000000 0.89900000000000 0.89900000000000 0.38528600000000 1.79519600000000 5.38558700000000 0.00000000000000
54.65358500000000 6.17345600000000 0.68681900000000 0.87348200000000 0.65099100000000 2.05992100000000 -1.13495000000000 1.00000000000000
24.89399800000000 4.81025600000000 -0.89900000000000 -0.89900000000000 0.12842900000000 0.44879900000000 3.59039200000000 0.00000000000000
40.19132200000000 7.76615200000000 -0.64214300000000 -0.64214300000000 0.12842900000000 2.24399500000000 5.38558700000000 0.00000000000000
37.93868900000000 7.33087600000000 -0.64214300000000 -0.64214300000000 0.12842900000000 0.44879900000000 3.59039200000000 0.00000000000000
55.22409900000000 6.13601100000000 -0.38528600000000 -0.38528600000000 0.64214300000000 3.14159300000000 0.00000000000000 0.00000000000000
41.98793900000000 4.66532700000000 -0.38528600000000 -0.38528600000000 0.12842900000000 2.69279400000000 1.79519600000000 0.00000000000000
21.70873800000000 5.34697900000000 0.89900000000000 0.89900000000000 0.38528600000000 0.89759800000000 6.28318500000000 0.00000000000000
27.82247000000000 5.37612400000000 -0.64214300000000 -0.64214300000000 0.12842900000000 2.24399500000000 6.28318500000000 0.00000000000000
33.13949700000000 6.40353100000000 -0.64214300000000 -0.64214300000000 0.12842900000000 2.24399500000000 0.00000000000000 0.00000000000000
52.12891300000000 5.79210100000000 -0.64214300000000 -0.64214300000000 0.64214300000000 0.00000000000000 1.79519600000000 0.00000000000000
48.90597700000000 5.43399700000000 0.89900000000000 0.89900000000000 0.38528600000000 2.24399500000000 1.79519600000000 0.00000000000000
45.53467700000000 5.05940900000000 -0.38528600000000 -0.38528600000000 0.12842900000000 2.69279400000000 1.79519600000000 0.00000000000000
35.59308200000000 6.87763600000000 -0.64214300000000 -0.64214300000000 0.12842900000000 0.44879900000000 3.59039200000000 0.00000000000000
48.90597700000000 5.43399700000000 -0.38528600000000 -0.38528600000000 0.89900000000000 3.14159300000000 1.79519600000000 0.00000000000000
30.55823100000000 5.90475400000000 -0.64214300000000 -0.64214300000000 0.12842900000000 2.24399500000000 5.38558700000000 0.00000000000000
50.90293700000000 5.72310800000000 0.68294500000000 0.87961900000000 0.67097500000000 -0.85523200000000 -3.09297900000000 0.00000000000000
21.71479200000000 4.19594000000000 -0.64214300000000 -0.64214300000000 0.12842900000000 0.89759800000000 4.48799000000000 0.00000000000000
33.13949700000000 6.40353100000000 0.89900000000000 0.89900000000000 0.38528600000000 1.34639700000000 0.89759800000000 0.00000000000000
38.22892100000000 4.24765800000000 -0.38528600000000 -0.38528600000000 0.12842900000000 2.69279400000000 0.00000000000000 0.00000000000000
52.12891300000000 5.79210100000000 -0.38528600000000 -0.38528600000000 0.12842900000000 0.44879900000000 3.59039200000000 0.00000000000000
48.90597700000000 5.43399700000000 -0.38528600000000 -0.38528600000000 0.12842900000000 0.44879900000000 3.59039200000000 0.00000000000000
24.89399800000000 4.81025600000000 -0.64214300000000 -0.64214300000000 0.12842900000000 0.89759800000000 1.79519600000000 0.00000000000000
55.22409900000000 6.13601100000000 -0.38528600000000 -0.38528600000000 0.12842900000000 0.44879900000000 2.69279400000000 0.00000000000000
34.20511100000000 3.80056800000000 -0.38528600000000 -0.38528600000000 0.12842900000000 2.69279400000000 0.00000000000000 0.00000000000000
34.20511100000000 3.80056800000000 0.64214300000000 0.64214300000000 0.64214300000000 3.14159300000000 0.89759800000000 0.00000000000000
53.73167100000000 6.06531700000000 0.71673300000000 0.86778600000000 0.60912800000000 2.36496100000000 2.84769600000000 0.00000000000000
45.53467700000000 5.05940900000000 -0.64214300000000 -0.64214300000000 0.64214300000000 0.00000000000000 6.28318500000000 0.00000000000000
55.22409900000000 6.13601100000000 0.64214300000000 0.64214300000000 0.64214300000000 2.69279400000000 6.28318500000000 0.00000000000000
43.05364900000000 4.79836600000000 0.72822600000000 0.88699800000000 0.61102300000000 -0.31994600000000 1.32914000000000 0.00000000000000
23.33888800000000 7.29514300000000 0.89900000000000 0.89900000000000 0.38528600000000 0.89759800000000 5.38558700000000 0.00000000000000
28.97572200000000 9.05707400000000 -0.89900000000000 -0.89900000000000 0.12842900000000 0.89759800000000 3.59039200000000 0.00000000000000
24.89399800000000 4.81025600000000 0.89900000000000 0.89900000000000 0.38528600000000 0.89759800000000 1.79519600000000 0.00000000000000
30.69617300000000 9.59484400000000 -0.89900000000000 -0.89900000000000 0.12842900000000 2.24399500000000 0.89759800000000 0.00000000000000
27.18426200000000 8.49710900000000 -0.89900000000000 -0.89900000000000 0.12842900000000 0.89759800000000 3.59039200000000 0.00000000000000
45.53467700000000 5.05940900000000 0.89900000000000 0.89900000000000 0.38528600000000 2.24399500000000 0.00000000000000 0.00000000000000
25.31033300000000 7.91136700000000 -0.89900000000000 -0.89900000000000 0.12842900000000 0.89759800000000 3.59039200000000 0.00000000000000
25.18956000000000 3.75304400000000 0.89900000000000 0.89900000000000 0.25685700000000 1.79519600000000 4.48799000000000 0.00000000000000
41.98793900000000 4.66532700000000 0.89900000000000 0.89900000000000 0.25685700000000 0.89759800000000 5.38558700000000 0.00000000000000
23.33888800000000 7.29514300000000 -0.89900000000000 -0.89900000000000 0.12842900000000 0.89759800000000 3.59039200000000 0.00000000000000
21.24944700000000 6.64203700000000 -0.89900000000000 -0.89900000000000 0.12842900000000 2.24399500000000 6.28318500000000 0.00000000000000
50.92555700000000 5.70807900000000 0.67777600000000 0.81575800000000 0.67247300000000 -0.97158800000000 0.74463400000000 1.00000000000000
29.83678500000000 3.31519800000000 -0.38528600000000 -0.38528600000000 0.12842900000000 2.69279400000000 5.38558700000000 0.00000000000000
30.69617300000000 9.59484400000000 -0.89900000000000 -0.89900000000000 0.12842900000000 0.89759800000000 0.89759800000000 0.00000000000000
52.12891300000000 5.79210100000000 -0.89900000000000 -0.89900000000000 0.38528600000000 2.69279400000000 0.89759800000000 0.00000000000000
34.20511100000000 3.80056800000000 0.64214300000000 0.64214300000000 0.51371400000000 2.69279400000000 3.59039200000000 0.00000000000000
33.08432200000000 8.14884600000000 0.89900000000000 0.89900000000000 0.38528600000000 0.89759800000000 0.89759800000000 0.00000000000000
19.01282300000000 5.94292500000000 -0.89900000000000 -0.89900000000000 0.12842900000000 2.24399500000000 0.00000000000000 0.00000000000000
28.97572200000000 9.05707400000000 -0.89900000000000 -0.89900000000000 0.12842900000000 0.89759800000000 0.89759800000000 0.00000000000000
25.31033300000000 7.91136700000000 -0.89900000000000 -0.89900000000000 0.12842900000000 2.24399500000000 3.59039200000000 0.00000000000000
53.15743700000000 5.96889900000000 0.68927700000000 0.69378500000000 0.66417600000000 1.36733600000000 -2.92722900000000 0.00000000000000
23.33888800000000 7.29514300000000 -0.89900000000000 -0.89900000000000 0.12842900000000 2.24399500000000 3.59039200000000 0.00000000000000
16.58470000000000 5.18395600000000 -0.89900000000000 -0.89900000000000 0.12842900000000 0.89759800000000 5.38558700000000 0.00000000000000
45.53467700000000 5.05940900000000 0.89900000000000 0.89900000000000 0.25685700000000 2.24399500000000 4.48799000000000 0.00000000000000
21.24944700000000 6.64203700000000 -0.89900000000000 -0.89900000000000 0.12842900000000 0.89759800000000 6.28318500000000 0.00000000000000
27.18426200000000 8.49710900000000 -0.89900000000000 -0.89900000000000 0.12842900000000 2.24399500000000 3.59039200000000 0.00000000000000
52.12891300000000 5.79210100000000 0.89900000000000 0.89900000000000 0.38528600000000 0.89759800000000 0.00000000000000 0.00000000000000
38.44242800000000 5.72761600000000 0.89900000000000 0.89900000000000 0.38528600000000 0.89759800000000 0.89759800000000 0.00000000000000
16.58470000000000 5.18395600000000 -0.89900000000000 -0.89900000000000 0.12842900000000 0.89759800000000 2.69279400000000 0.00000000000000
25.18956000000000 3.75304400000000 -0.64214300000000 -0.64214300000000 0.64214300000000 0.00000000000000 1.79519600000000 0.00000000000000
19.01282300000000 5.94292500000000 -0.89900000000000 -0.89900000000000 0.12842900000000 0.89759800000000 6.28318500000000 0.00000000000000
45.53467700000000 5.05940900000000 -0.38528600000000 -0.38528600000000 0.89900000000000 3.14159300000000 2.69279400000000 0.00000000000000
55.37335700000000 6.23533300000000 0.76009600000000 0.83041000000000 0.55578900000000 0.32643600000000 -2.92162600000000 0.00000000000000
26.64821500000000 6.56359800000000 0.89900000000000 0.89900000000000 0.38528600000000 0.89759800000000 3.59039200000000 0.00000000000000
41.98793900000000 4.66532700000000 -0.38528600000000 -0.38528600000000 0.89900000000000 3.14159300000000 5.38558700000000 0.00000000000000
28.89920100000000 7.11802800000000 0.89900000000000 0.89900000000000 0.38528600000000 1.79519600000000 1.79519600000000 0.00000000000000
52.12891300000000 5.79210100000000 -0.38528600000000 -0.38528600000000 0.64214300000000 0.00000000000000 2.69279400000000 0.00000000000000
28.87749700000000 4.30251800000000 -0.64214300000000 -0.64214300000000 0.64214300000000 3.14159300000000 5.38558700000000 0.00000000000000
32.27457900000000 4.80865600000000 0.89900000000000 0.89900000000000 0.38528600000000 0.89759800000000 3.59039200000000 0.00000000000000
35.44811100000000 5.28148700000000 0.89900000000000 0.89900000000000 0.38528600000000 2.24399500000000 3.59039200000000 0.00000000000000
38.22892100000000 4.24765800000000 0.89900000000000 0.89900000000000 0.25685700000000 1.79519600000000 4.48799000000000 0.00000000000000
32.27457900000000 4.80865600000000 -0.64214300000000 -0.64214300000000 0.64214300000000 3.14159300000000 5.38558700000000 0.00000000000000
34.20511100000000 3.80056800000000 -0.64214300000000 -0.64214300000000 0.51371400000000 0.00000000000000 6.28318500000000 0.00000000000000
19.01282300000000 5.94292500000000 0.89900000000000 0.89900000000000 0.38528600000000 0.89759800000000 1.79519600000000 0.00000000000000
55.22409900000000 6.13601100000000 -0.64214300000000 -0.64214300000000 0.51371400000000 0.00000000000000 5.38558700000000 0.00000000000000
38.22892100000000 4.24765800000000 -0.38528600000000 -0.38528600000000 0.64214300000000 0.00000000000000 5.38558700000000 0.00000000000000
34.20511100000000 3.80056800000000 0.38528600000000 0.38528600000000 0.89900000000000 0.89759800000000 2.69279400000000 0.00000000000000
50.90293700000000 5.72310800000000 0.68294500000000 0.87961900000000 0.67097500000000 -0.85523200000000 -3.09297900000000 1.00000000000000
23.71942500000000 9.50994800000000 0.89900000000000 0.89900000000000 0.38528600000000 2.24399500000000 5.38558700000000 0.00000000000000
55.22409900000000 6.13601100000000 -0.38528600000000 -0.38528600000000 0.51371400000000 0.00000000000000 1.79519600000000 0.00000000000000
41.98793900000000 4.66532700000000 -0.38528600000000 -0.38528600000000 0.64214300000000 0.00000000000000 5.38558700000000 0.00000000000000
48.90597700000000 5.43399700000000 0.64214300000000 0.64214300000000 0.64214300000000 2.24399500000000 3.59039200000000 0.00000000000000
31.03884200000000 7.64503300000000 0.89900000000000 0.89900000000000 0.38528600000000 0.89759800000000 6.28318500000000 0.00000000000000
55.22409900000000 6.13601100000000 0.38528600000000 0.38528600000000 0.89900000000000 2.24399500000000 1.79519600000000 0.00000000000000
35.44811100000000 5.28148700000000 -0.64214300000000 -0.64214300000000 0.64214300000000 3.14159300000000 5.38558700000000 0.00000000000000
35.04872400000000 8.63268900000000 -0.89900000000000 -0.89900000000000 0.38528600000000 3.14159300000000 0.00000000000000 0.00000000000000
55.22409900000000 6.13601100000000 -0.38528600000000 -0.38528600000000 0.12842900000000 2.24399500000000 1.79519600000000 0.00000000000000
21.70873800000000 5.34697900000000 0.89900000000000 0.89900000000000 0.12842900000000 0.89759800000000 4.48799000000000 0.00000000000000
25.18956000000000 3.75304400000000 0.89900000000000 0.89900000000000 0.12842900000000 2.24399500000000 0.89759800000000 0.00000000000000
54.07890100000000 6.05880100000000 0.69442400000000 0.72529400000000 0.65176700000000 2.65507200000000 -1.59884800000000 0.00000000000000
37.93868900000000 7.33087600000000 0.89900000000000 0.89900000000000 0.38528600000000 0.89759800000000 2.69279400000000 0.00000000000000
55.22409900000000 6.13601100000000 0.64214300000000 0.64214300000000 0.51371400000000 2.69279400000000 1.79519600000000 0.00000000000000
29.83678500000000 3.31519800000000 -0.38528600000000 -0.38528600000000 0.77057100000000 0.00000000000000 6.28318500000000 0.00000000000000
53.77927200000000 6.06934900000000 0.77679600000000 0.74432200000000 0.55569500000000 2.90408400000000 0.70689100000000 0.00000000000000
52.12891300000000 5.79210100000000 -0.64214300000000 -0.64214300000000 0.51371400000000 3.14159300000000 2.69279400000000 0.00000000000000
52.12891300000000 5.79210100000000 0.89900000000000 0.89900000000000 0.25685700000000 2.24399500000000 0.89759800000000 0.00000000000000
45.53467700000000 5.05940900000000 -0.12842900000000 -0.12842900000000 0.89900000000000 3.14159300000000 3.59039200000000 0.00000000000000
55.22409900000000 6.13601100000000 -0.38528600000000 -0.38528600000000 0.64214300000000 2.69279400000000 5.38558700000000 0.00000000000000
34.20511100000000 3.80056800000000 -0.38528600000000 -0.38528600000000 0.64214300000000 0.00000000000000 0.00000000000000 0.00000000000000
17.43223300000000 9.33775100000000 0.89900000000000 0.89900000000000 0.38528600000000 2.24399500000000 2.69279400000000 0.00000000000000
40.19132200000000 7.76615200000000 0.89900000000000 0.89900000000000 0.38528600000000 2.24399500000000 0.89759800000000 0.00000000000000
37.93868900000000 7.33087600000000 -0.64214300000000 -0.64214300000000 0.64214300000000 3.14159300000000 1.79519600000000 0.00000000000000
45.53467700000000 5.05940900000000 -0.38528600000000 -0.38528600000000 0.64214300000000 0.00000000000000 1.79519600000000 0.00000000000000
24.89399800000000 4.81025600000000 -0.64214300000000 -0.64214300000000 0.64214300000000 3.14159300000000 4.48799000000000 0.00000000000000
48.90597700000000 5.43399700000000 0.89900000000000 0.89900000000000 0.25685700000000 0.89759800000000 2.69279400000000 0.00000000000000
24.26250300000000 5.97598500000000 0.89900000000000 0.89900000000000 0.25685700000000 2.24399500000000 0.89759800000000 0.00000000000000
45.53467700000000 5.05940900000000 -0.89900000000000 -0.89900000000000 0.38528600000000 0.00000000000000 5.38558700000000 0.00000000000000
33.13949700000000 6.40353100000000 -0.64214300000000 -0.64214300000000 0.64214300000000 3.14159300000000 5.38558700000000 0.00000000000000
35.59308200000000 6.87763600000000 0.89900000000000 0.89900000000000 0.38528600000000 0.89759800000000 1.79519600000000 0.00000000000000
41.98793900000000 4.66532700000000 0.38528600000000 0.38528600000000 0.89900000000000 2.24399500000000 0.89759800000000 0.00000000000000
30.55823100000000 5.90475400000000 0.89900000000000 0.89900000000000 0.38528600000000 2.24399500000000 3.59039200000000 0.00000000000000
41.98793900000000 4.66532700000000 -0.64214300000000 -0.64214300000000 0.51371400000000 3.14159300000000 4.48799000000000 0.00000000000000
33.08432200000000 8.14884600000000 -0.89900000000000 -0.89900000000000 0.25685700000000 0.44879900000000 4.48799000000000 0.00000000000000
35.44811100000000 5.28148700000000 0.89900000000000 0.89900000000000 0.25685700000000 2.24399500000000 4.48799000000000 0.00000000000000
24.26250300000000 5.97598500000000 -0.89900000000000 -0.89900000000000 0.38528600000000 0.44879900000000 3.59039200000000 0.00000000000000
45.53467700000000 5.05940900000000 0.38528600000000 0.38528600000000 0.89900000000000 1.79519600000000 0.89759800000000 0.00000000000000
24.89399800000000 4.81025600000000 -0.89900000000000 -0.89900000000000 0.38528600000000 0.00000000000000 4.48799000000000 0.00000000000000
26.64821500000000 6.56359800000000 -0.89900000000000 -0.89900000000000 0.38528600000000 2.69279400000000 0.89759800000000 0.00000000000000
31.03884200000000 7.64503300000000 -0.89900000000000 -0.89900000000000 0.38528600000000 0.44879900000000 4.48799000000000 0.00000000000000
29.83678500000000 3.31519800000000 -0.64214300000000 -0.64214300000000 0.51371400000000 3.14159300000000 0.89759800000000 0.00000000000000
21.71479200000000 4.19594000000000 -0.89900000000000 -0.89900000000000 0.38528600000000 0.00000000000000 0.89759800000000 0.00000000000000
38.44242800000000 5.72761600000000 -0.64214300000000 -0.64214300000000 0.64214300000000 0.00000000000000 1.79519600000000 0.00000000000000
24.89399800000000 4.81025600000000 0.89900000000000 0.89900000000000 0.25685700000000 2.24399500000000 1.79519600000000 0.00000000000000
48.90597700000000 5.43399700000000 0.38528600000000 0.38528600000000 0.89900000000000 0.89759800000000 4.48799000000000 0.00000000000000
40.19132200000000 7.76615200000000 -0.64214300000000 -0.64214300000000 0.12842900000000 2.24399500000000 0.00000000000000 0.00000000000000
38.22892100000000 4.24765800000000 0.64214300000000 0.64214300000000 0.64214300000000 0.44879900000000 4.48799000000000 0.00000000000000
15.68872600000000 15.68872600000000 0.89900000000000 0.89900000000000 0.38528600000000 2.24399500000000 4.48799000000000 0.00000000000000
54.44640400000000 6.08655400000000 0.74418800000000 0.80553000000000 0.58276800000000 1.77474500000000 -0.79884700000000 0.00000000000000
52.12891300000000 5.79210100000000 -0.12842900000000 -0.12842900000000 0.89900000000000 2.69279400000000 0.89759800000000 0.00000000000000
46.62267500000000 6.94640800000000 0.89900000000000 0.89900000000000 0.38528600000000 1.34639700000000 4.48799000000000 0.00000000000000
18.93632100000000 4.66411700000000 0.38528600000000 0.38528600000000 0.89900000000000 1.34639700000000 2.69279400000000 0.00000000000000
37.93868900000000 7.33087600000000 -0.64214300000000 -0.64214300000000 0.12842900000000 0.89759800000000 4.48799000000000 0.00000000000000
27.82247000000000 5.37612400000000 -0.64214300000000 -0.64214300000000 0.64214300000000 0.00000000000000 0.89759800000000 0.00000000000000
52.12891300000000 5.79210100000000 0.12842900000000 0.12842900000000 0.89900000000000 0.89759800000000 0.89759800000000 0.00000000000000
55.22409900000000 6.13601100000000 -0.12842900000000 -0.12842900000000 0.89900000000000 0.44879900000000 5.38558700000000 0.00000000000000
55.22409900000000 6.13601100000000 0.89900000000000 0.89900000000000 0.25685700000000 2.24399500000000 1.79519600000000 0.00000000000000
38.44242800000000 5.72761600000000 0.38528600000000 0.38528600000000 0.89900000000000 1.79519600000000 4.48799000000000 0.00000000000000
27.82247000000000 5.37612400000000 0.38528600000000 0.38528600000000 0.89900000000000 1.34639700000000 0.89759800000000 0.00000000000000
18.93632100000000 4.66411700000000 0.89900000000000 0.89900000000000 0.12842900000000 2.24399500000000 3.59039200000000 0.00000000000000
52.12891300000000 5.79210100000000 -0.38528600000000 -0.38528600000000 0.89900000000000 2.69279400000000 1.79519600000000 0.00000000000000
29.83678500000000 3.31519800000000 0.89900000000000 0.89900000000000 0.38528600000000 2.24399500000000 4.48799000000000 0.00000000000000
40.19132200000000 7.76615200000000 -0.64214300000000 -0.64214300000000 0.64214300000000 3.14159300000000 0.89759800000000 0.00000000000000
35.59308200000000 6.87763600000000 -0.64214300000000 -0.64214300000000 0.12842900000000 0.89759800000000 4.48799000000000 0.00000000000000
24.89399800000000 4.81025600000000 0.38528600000000 0.38528600000000 0.89900000000000 1.79519600000000 2.69279400000000 0.00000000000000
21.70873800000000 5.34697900000000 -0.89900000000000 -0.89900000000000 0.12842900000000 2.24399500000000 6.28318500000000 0.00000000000000
28.87749700000000 4.30251800000000 0.38528600000000 0.38528600000000 0.89900000000000 1.34639700000000 4.48799000000000 0.00000000000000
48.90597700000000 5.43399700000000 -0.38528600000000 -0.38528600000000 0.89900000000000 0.00000000000000 0.89759800000000 0.00000000000000
21.24944700000000 6.64203700000000 0.89900000000000 0.89900000000000 0.25685700000000 0.89759800000000 5.38558700000000 0.00000000000000
22.08434300000000 8.85438600000000 0.89900000000000 0.89900000000000 0.38528600000000 2.24399500000000 4.48799000000000 0.00000000000000
48.90597700000000 5.43399700000000 -0.64214300000000 -0.64214300000000 0.51371400000000 3.14159300000000 2.69279400000000 0.00000000000000
44.00957900000000 6.55707700000000 -0.64214300000000 -0.64214300000000 0.12842900000000 2.69279400000000 0.89759800000000 0.00000000000000
53.82205900000000 6.10815200000000 0.69687900000000 0.79241800000000 0.65887900000000 -1.95341000000000 -2.12427100000000 1.00000000000000
46.62267500000000 6.94640800000000 -0.64214300000000 -0.64214300000000 0.12842900000000 2.69279400000000 0.89759800000000 0.00000000000000
35.59308200000000 6.87763600000000 0.38528600000000 0.38528600000000 0.89900000000000 1.79519600000000 0.89759800000000 0.00000000000000
48.90597700000000 5.43399700000000 0.12842900000000 0.12842900000000 0.89900000000000 2.24399500000000 4.48799000000000 0.00000000000000
55.22409900000000 6.13601100000000 -0.12842900000000 -0.12842900000000 0.77057100000000 0.89759800000000 2.69279400000000 0.00000000000000
45.53467700000000 5.05940900000000 -0.64214300000000 -0.64214300000000 0.51371400000000 3.14159300000000 0.89759800000000 0.00000000000000
16.58470000000000 5.18395600000000 0.64214300000000 0.64214300000000 0.64214300000000 1.79519600000000 0.89759800000000 0.00000000000000
35.04872400000000 8.63268900000000 0.89900000000000 0.89900000000000 0.38528600000000 1.79519600000000 1.79519600000000 0.00000000000000
38.44242800000000 5.72761600000000 -0.64214300000000 -0.64214300000000 0.12842900000000 0.44879900000000 2.69279400000000 0.00000000000000
30.69617300000000 9.59484400000000 -0.89900000000000 -0.89900000000000 0.12842900000000 1.34639700000000 1.79519600000000 0.00000000000000
44.00957900000000 6.55707700000000 -0.38528600000000 -0.38528600000000 0.89900000000000 0.44879900000000 5.38558700000000 0.00000000000000
33.13949700000000 6.40353100000000 0.38528600000000 0.38528600000000 0.89900000000000 1.79519600000000 0.00000000000000 0.00000000000000
25.18956000000000 3.75304400000000 -0.89900000000000 -0.89900000000000 0.25685700000000 2.24399500000000 5.38558700000000 0.00000000000000
52.12891300000000 5.79210100000000 0.64214300000000 0.64214300000000 0.64214300000000 2.24399500000000 2.69279400000000 0.00000000000000
32.27457900000000 4.80865600000000 0.89900000000000 0.89900000000000 0.25685700000000 0.89759800000000 0.00000000000000 0.00000000000000
41.28863100000000 6.15167800000000 0.38528600000000 0.38528600000000 0.89900000000000 1.79519600000000 5.38558700000000 0.00000000000000
38.22892100000000 4.24765800000000 -0.64214300000000 -0.64214300000000 0.51371400000000 0.00000000000000 4.48799000000000 0.00000000000000
40.19132200000000 7.76615200000000 -0.38528600000000 -0.38528600000000 0.89900000000000 0.89759800000000 2.69279400000000 0.00000000000000
55.22409900000000 6.13601100000000 -0.64214300000000 -0.64214300000000 0.12842900000000 1.34639700000000 1.79519600000000 0.00000000000000
19.01282300000000 5.94292500000000 0.89900000000000 0.89900000000000 0.12842900000000 2.24399500000000 0.89759800000000 0.00000000000000
37.93868900000000 7.33087600000000 0.89900000000000 0.89900000000000 0.25685700000000 2.24399500000000 1.79519600000000 0.00000000000000
44.00957900000000 6.55707700000000 0.38528600000000 0.38528600000000 0.89900000000000 1.79519600000000 5.38558700000000 0.00000000000000
28.89920100000000 7.11802800000000 0.38528600000000 0.38528600000000 0.89900000000000 1.34639700000000 1.79519600000000 0.00000000000000
41.28863100000000 6.15167800000000 -0.89900000000000 -0.89900000000000 0.25685700000000 2.24399500000000 6.28318500000000 0.00000000000000
41.98793900000000 4.66532700000000 -0.12842900000000 -0.12842900000000 0.89900000000000 0.44879900000000 6.28318500000000 0.00000000000000
33.13949700000000 6.40353100000000 -0.64214300000000 -0.64214300000000 0.12842900000000 2.24399500000000 5.38558700000000 0.00000000000000
52.12891300000000 5.79210100000000 -0.64214300000000 -0.64214300000000 0.12842900000000 1.34639700000000 1.79519600000000 0.00000000000000
