1.000000000000000000e+02 1.000000000000000000e+00
1.000000000000000000e+04 1.500000000000000000e+00
8.296932777509999823e+02 2.433553972409999933e+00
2.550351295030000074e+03 3.947098538570000148e+00
2.029538349810000000e+02 4.728291555540000246e+00
5.050000000000000000e+03 3.000000000000000000e+00
1.655607530400000087e+02 1.344079822849999939e+00
1.594190878440000006e+03 4.434166883899999689e+00
5.116497341499999720e+02 2.768094180189999864e+00
1.000000000000000000e+02 1.500000000000000000e+00
9.846362296959999867e+02 2.824116589069999961e+00
4.608878024159999995e+02 1.226382944900000105e+00
7.525000000000000000e+03 2.000000000000000000e+00
7.113013818690000107e+02 2.367846952539999883e+00
1.835299769949999984e+02 2.901863906430000029e+00
1.000000000000000000e+04 3.000000000000000000e+00
3.972599468610000031e+02 2.045669760620000055e+00
1.000000000000000000e+02 3.000000000000000000e+00
3.565755705250000119e+03 3.018982171179999785e+00
7.604454779579999695e+02 2.934474613339999927e+00
1.000000000000000000e+02 2.500000000000000000e+00
2.575000000000000000e+03 2.000000000000000000e+00
4.729794107000000167e+02 2.710866239280000034e+00
1.830616769830000123e+02 2.717972613320000175e+00
2.575000000000000000e+03 2.500000000000000000e+00
2.203734405520000109e+03 1.929233179459999947e+00
1.000000000000000000e+02 2.000000000000000000e+00
2.831511617439999782e+02 2.488702571740000202e+00
2.575000000000000000e+03 3.000000000000000000e+00
3.704271872029999940e+03 3.487541611340000181e+00
3.845147007620000181e+02 2.706111050650000127e+00
9.297654893599999468e+02 2.315560478380000120e+00
2.237481739530000141e+03 4.427511932869999889e+00
2.030119665729999952e+02 2.059173570050000013e+00
2.353143484889999854e+03 2.269236980430000106e+00
1.061348786960000012e+02 1.508243386620000015e+00
3.171599077979999947e+03 3.161267102460000089e+00
4.628241824190000102e+02 2.269255604140000049e+00
3.847503507789999730e+02 2.806089269320000135e+00
7.525341714099999990e+02 2.714493892150000143e+00
1.246575154209999994e+02 1.413950447279999967e+00
6.472731772519999822e+02 2.030464433880000197e+00
7.525000000000000000e+03 3.000000000000000000e+00
3.045814086510000038e+02 1.378676309939999900e+00
3.087487907849999829e+02 2.064347947199999922e+00
2.429623805350000112e+03 4.056617165469999620e+00
5.050000000000000000e+03 2.000000000000000000e+00
2.575000000000000000e+03 1.500000000000000000e+00
1.499678689529999929e+02 1.217014299299999935e+00
7.265614253090000147e+02 2.441331707169999810e+00
2.247152397730000075e+02 1.914912272160000040e+00
5.050000000000000000e+03 2.500000000000000000e+00
1.499269660710000096e+02 1.459362345369999980e+00
3.408099219989999824e+02 1.524623613830000002e+00
8.436785594670000137e+02 1.987356379770000014e+00
2.575000000000000000e+03 1.000000000000000000e+00
3.385906968899999811e+03 1.166526076830000092e+00
7.525000000000000000e+03 1.500000000000000000e+00
5.344943875919999527e+02 2.463468698849999861e+00
6.948583203980000462e+02 1.747576538169999916e+00
5.050000000000000000e+03 1.000000000000000000e+00
6.567701403720000144e+02 1.514580099930000090e+00
3.965114908659999742e+02 1.531296171189999944e+00
5.050000000000000000e+03 1.500000000000000000e+00
9.868157005059999847e+02 1.980580907000000002e+00
1.596451666389999957e+02 1.352060456940000099e+00
6.021677528249999796e+02 1.384404824129999989e+00
1.000000000000000000e+04 2.000000000000000000e+00
4.760588785709999797e+02 1.666595660999999895e+00
8.157906462109999666e+02 2.326364460869999817e+00
7.525000000000000000e+03 2.500000000000000000e+00
3.920577174900000159e+02 2.008573381390000190e+00
5.321956418720000102e+02 1.299329483509999994e+00
7.525000000000000000e+03 1.000000000000000000e+00
8.421975322389999974e+02 2.374645264639999809e+00
9.616429566430000477e+02 1.290343369709999966e+00
972.70433493 3.46071172522
668.819220345 3.38977782208
169.774719928 2.80341911857
684.46943269 3.5069508795
821.055808405 2.96749009186
105.373017947 1.25819439904
133.518173563 2.74229933623
222.47068995 3.16060712865
752.350338304 4.05488097302
687.234147797 4.80416554575
276.111270107 4.54879263995
255.158102532 4.87228139552
283.710971961 4.4498988417
751.80260421 3.08303560671
641.113981841 3.76568304284
897.097723003 3.67596146506
401.816763551 4.03533788649
503.184877002 4.02124584881
367.960708829 4.40359553966
263.775307665 4.95199042845
921.013280368 3.38461198445
391.488272831 3.69768127295
193.728404094 3.4959642338
